E1 1 2 1
E2 1 21 1
E3 2 3 1
E4 2 22 1
E5 3 4 1
E6 3 23 1
E7 4 5 1
E8 4 24 1
E9 5 6 1
E10 5 25 1
E11 6 7 1
E12 6 26 1
E13 7 8 1
E14 7 27 1
E15 8 9 1
E16 8 28 1
E17 9 10 1
E18 9 29 1
E19 10 11 1
E20 10 30 1
E21 11 12 1
E22 11 31 1
E23 12 13 1
E24 12 32 1
E25 13 14 1
E26 13 33 1
E27 14 15 1
E28 14 34 1
E29 15 16 1
E30 15 35 1
E31 16 17 1
E32 16 36 1
E33 17 18 1
E34 17 37 1
E35 18 19 1
E36 18 38 1
E37 19 20 1
E38 19 39 1
E39 20 40 1
E40 21 22 1
E41 21 41 1
E42 22 23 1
E43 22 42 1
E44 23 24 1
E45 23 43 1
E46 24 25 1
E47 24 44 1
E48 25 26 1
E49 25 45 1
E50 26 27 1
E51 26 46 1
E52 27 28 1
E53 27 47 1
E54 28 29 1
E55 28 48 1
E56 29 30 1
E57 29 49 1
E58 30 31 1
E59 30 50 1
E60 31 32 1
E61 31 51 1
E62 32 33 1
E63 32 52 1
E64 33 34 1
E65 33 53 1
E66 34 35 1
E67 34 54 1
E68 35 36 1
E69 35 55 1
E70 36 37 1
E71 36 56 1
E72 37 38 1
E73 37 57 1
E74 38 39 1
E75 38 58 1
E76 39 40 1
E77 39 59 1
E78 40 60 1
E79 41 42 1
E80 41 61 1
E81 42 43 1
E82 42 62 1
E83 43 44 1
E84 43 63 1
E85 44 45 1
E86 44 64 1
E87 45 46 1
E88 45 65 1
E89 46 47 1
E90 46 66 1
E91 47 48 1
E92 47 67 1
E93 48 49 1
E94 48 68 1
E95 49 50 1
E96 49 69 1
E97 50 51 1
E98 50 70 1
E99 51 52 1
E100 51 71 1
E101 52 53 1
E102 52 72 1
E103 53 54 1
E104 53 73 1
E105 54 55 1
E106 54 74 1
E107 55 56 1
E108 55 75 1
E109 56 57 1
E110 56 76 1
E111 57 58 1
E112 57 77 1
E113 58 59 1
E114 58 78 1
E115 59 60 1
E116 59 79 1
E117 60 80 1
E118 61 62 1
E119 61 81 1
E120 62 63 1
E121 62 82 1
E122 63 64 1
E123 63 83 1
E124 64 65 1
E125 64 84 1
E126 65 66 1
E127 65 85 1
E128 66 67 1
E129 66 86 1
E130 67 68 1
E131 67 87 1
E132 68 69 1
E133 68 88 1
E134 69 70 1
E135 69 89 1
E136 70 71 1
E137 70 90 1
E138 71 72 1
E139 71 91 1
E140 72 73 1
E141 72 92 1
E142 73 74 1
E143 73 93 1
E144 74 75 1
E145 74 94 1
E146 75 76 1
E147 75 95 1
E148 76 77 1
E149 76 96 1
E150 77 78 1
E151 77 97 1
E152 78 79 1
E153 78 98 1
E154 79 80 1
E155 79 99 1
E156 80 100 1
E157 81 82 1
E158 81 101 1
E159 82 83 1
E160 82 102 1
E161 83 84 1
E162 83 103 1
E163 84 85 1
E164 84 104 1
E165 85 86 1
E166 85 105 1
E167 86 87 1
E168 86 106 1
E169 87 88 1
E170 87 107 1
E171 88 89 1
E172 88 108 1
E173 89 90 1
E174 89 109 1
E175 90 91 1
E176 90 110 1
E177 91 92 1
E178 91 111 1
E179 92 93 1
E180 92 112 1
E181 93 94 1
E182 93 113 1
E183 94 95 1
E184 94 114 1
E185 95 96 1
E186 95 115 1
E187 96 97 1
E188 96 116 1
E189 97 98 1
E190 97 117 1
E191 98 99 1
E192 98 118 1
E193 99 100 1
E194 99 119 1
E195 100 120 1
E196 101 102 1
E197 101 121 1
E198 102 103 1
E199 102 122 1
E200 103 104 1
E201 103 123 1
E202 104 105 1
E203 104 124 1
E204 105 106 1
E205 105 125 1
E206 106 107 1
E207 106 126 1
E208 107 108 1
E209 107 127 1
E210 108 109 1
E211 108 128 1
E212 109 110 1
E213 109 129 1
E214 110 111 1
E215 110 130 1
E216 111 112 1
E217 111 131 1
E218 112 113 1
E219 112 132 1
E220 113 114 1
E221 113 133 1
E222 114 115 1
E223 114 134 1
E224 115 116 1
E225 115 135 1
E226 116 117 1
E227 116 136 1
E228 117 118 1
E229 117 137 1
E230 118 119 1
E231 118 138 1
E232 119 120 1
E233 119 139 1
E234 120 140 1
E235 121 122 1
E236 121 141 1
E237 122 123 1
E238 122 142 1
E239 123 124 1
E240 123 143 1
E241 124 125 1
E242 124 144 1
E243 125 126 1
E244 125 145 1
E245 126 127 1
E246 126 146 1
E247 127 128 1
E248 127 147 1
E249 128 129 1
E250 128 148 1
E251 129 130 1
E252 129 149 1
E253 130 131 1
E254 130 150 1
E255 131 132 1
E256 131 151 1
E257 132 133 1
E258 132 152 1
E259 133 134 1
E260 133 153 1
E261 134 135 1
E262 134 154 1
E263 135 136 1
E264 135 155 1
E265 136 137 1
E266 136 156 1
E267 137 138 1
E268 137 157 1
E269 138 139 1
E270 138 158 1
E271 139 140 1
E272 139 159 1
E273 140 160 1
E274 141 142 1
E275 141 161 1
E276 142 143 1
E277 142 162 1
E278 143 144 1
E279 143 163 1
E280 144 145 1
E281 144 164 1
E282 145 146 1
E283 145 165 1
E284 146 147 1
E285 146 166 1
E286 147 148 1
E287 147 167 1
E288 148 149 1
E289 148 168 1
E290 149 150 1
E291 149 169 1
E292 150 151 1
E293 150 170 1
E294 151 152 1
E295 151 171 1
E296 152 153 1
E297 152 172 1
E298 153 154 1
E299 153 173 1
E300 154 155 1
E301 154 174 1
E302 155 156 1
E303 155 175 1
E304 156 157 1
E305 156 176 1
E306 157 158 1
E307 157 177 1
E308 158 159 1
E309 158 178 1
E310 159 160 1
E311 159 179 1
E312 160 180 1
E313 161 162 1
E314 161 181 1
E315 162 163 1
E316 162 182 1
E317 163 164 1
E318 163 183 1
E319 164 165 1
E320 164 184 1
E321 165 166 1
E322 165 185 1
E323 166 167 1
E324 166 186 1
E325 167 168 1
E326 167 187 1
E327 168 169 1
E328 168 188 1
E329 169 170 1
E330 169 189 1
E331 170 171 1
E332 170 190 1
E333 171 172 1
E334 171 191 1
E335 172 173 1
E336 172 192 1
E337 173 174 1
E338 173 193 1
E339 174 175 1
E340 174 194 1
E341 175 176 1
E342 175 195 1
E343 176 177 1
E344 176 196 1
E345 177 178 1
E346 177 197 1
E347 178 179 1
E348 178 198 1
E349 179 180 1
E350 179 199 1
E351 180 200 1
E352 181 182 1
E353 181 201 1
E354 182 183 1
E355 182 202 1
E356 183 184 1
E357 183 203 1
E358 184 185 1
E359 184 204 1
E360 185 186 1
E361 185 205 1
E362 186 187 1
E363 186 206 1
E364 187 188 1
E365 187 207 1
E366 188 189 1
E367 188 208 1
E368 189 190 1
E369 189 209 1
E370 190 191 1
E371 190 210 1
E372 191 192 1
E373 191 211 1
E374 192 193 1
E375 192 212 1
E376 193 194 1
E377 193 213 1
E378 194 195 1
E379 194 214 1
E380 195 196 1
E381 195 215 1
E382 196 197 1
E383 196 216 1
E384 197 198 1
E385 197 217 1
E386 198 199 1
E387 198 218 1
E388 199 200 1
E389 199 219 1
E390 200 220 1
E391 201 202 1
E392 201 221 1
E393 202 203 1
E394 202 222 1
E395 203 204 1
E396 203 223 1
E397 204 205 1
E398 204 224 1
E399 205 206 1
E400 205 225 1
E401 206 207 1
E402 206 226 1
E403 207 208 1
E404 207 227 1
E405 208 209 1
E406 208 228 1
E407 209 210 1
E408 209 229 1
E409 210 211 1
E410 210 230 1
E411 211 212 1
E412 211 231 1
E413 212 213 1
E414 212 232 1
E415 213 214 1
E416 213 233 1
E417 214 215 1
E418 214 234 1
E419 215 216 1
E420 215 235 1
E421 216 217 1
E422 216 236 1
E423 217 218 1
E424 217 237 1
E425 218 219 1
E426 218 238 1
E427 219 220 1
E428 219 239 1
E429 220 240 1
E430 221 222 1
E431 221 241 1
E432 222 223 1
E433 222 242 1
E434 223 224 1
E435 223 243 1
E436 224 225 1
E437 224 244 1
E438 225 226 1
E439 225 245 1
E440 226 227 1
E441 226 246 1
E442 227 228 1
E443 227 247 1
E444 228 229 1
E445 228 248 1
E446 229 230 1
E447 229 249 1
E448 230 231 1
E449 230 250 1
E450 231 232 1
E451 231 251 1
E452 232 233 1
E453 232 252 1
E454 233 234 1
E455 233 253 1
E456 234 235 1
E457 234 254 1
E458 235 236 1
E459 235 255 1
E460 236 237 1
E461 236 256 1
E462 237 238 1
E463 237 257 1
E464 238 239 1
E465 238 258 1
E466 239 240 1
E467 239 259 1
E468 240 260 1
E469 241 242 1
E470 241 261 1
E471 242 243 1
E472 242 262 1
E473 243 244 1
E474 243 263 1
E475 244 245 1
E476 244 264 1
E477 245 246 1
E478 245 265 1
E479 246 247 1
E480 246 266 1
E481 247 248 1
E482 247 267 1
E483 248 249 1
E484 248 268 1
E485 249 250 1
E486 249 269 1
E487 250 251 1
E488 250 270 1
E489 251 252 1
E490 251 271 1
E491 252 253 1
E492 252 272 1
E493 253 254 1
E494 253 273 1
E495 254 255 1
E496 254 274 1
E497 255 256 1
E498 255 275 1
E499 256 257 1
E500 256 276 1
E501 257 258 1
E502 257 277 1
E503 258 259 1
E504 258 278 1
E505 259 260 1
E506 259 279 1
E507 260 280 1
E508 261 262 1
E509 261 281 1
E510 262 263 1
E511 262 282 1
E512 263 264 1
E513 263 283 1
E514 264 265 1
E515 264 284 1
E516 265 266 1
E517 265 285 1
E518 266 267 1
E519 266 286 1
E520 267 268 1
E521 267 287 1
E522 268 269 1
E523 268 288 1
E524 269 270 1
E525 269 289 1
E526 270 271 1
E527 270 290 1
E528 271 272 1
E529 271 291 1
E530 272 273 1
E531 272 292 1
E532 273 274 1
E533 273 293 1
E534 274 275 1
E535 274 294 1
E536 275 276 1
E537 275 295 1
E538 276 277 1
E539 276 296 1
E540 277 278 1
E541 277 297 1
E542 278 279 1
E543 278 298 1
E544 279 280 1
E545 279 299 1
E546 280 300 1
E547 281 282 1
E548 281 301 1
E549 282 283 1
E550 282 302 1
E551 283 284 1
E552 283 303 1
E553 284 285 1
E554 284 304 1
E555 285 286 1
E556 285 305 1
E557 286 287 1
E558 286 306 1
E559 287 288 1
E560 287 307 1
E561 288 289 1
E562 288 308 1
E563 289 290 1
E564 289 309 1
E565 290 291 1
E566 290 310 1
E567 291 292 1
E568 291 311 1
E569 292 293 1
E570 292 312 1
E571 293 294 1
E572 293 313 1
E573 294 295 1
E574 294 314 1
E575 295 296 1
E576 295 315 1
E577 296 297 1
E578 296 316 1
E579 297 298 1
E580 297 317 1
E581 298 299 1
E582 298 318 1
E583 299 300 1
E584 299 319 1
E585 300 320 1
E586 301 302 1
E587 301 321 1
E588 302 303 1
E589 302 322 1
E590 303 304 1
E591 303 323 1
E592 304 305 1
E593 304 324 1
E594 305 306 1
E595 305 325 1
E596 306 307 1
E597 306 326 1
E598 307 308 1
E599 307 327 1
E600 308 309 1
E601 308 328 1
E602 309 310 1
E603 309 329 1
E604 310 311 1
E605 310 330 1
E606 311 312 1
E607 311 331 1
E608 312 313 1
E609 312 332 1
E610 313 314 1
E611 313 333 1
E612 314 315 1
E613 314 334 1
E614 315 316 1
E615 315 335 1
E616 316 317 1
E617 316 336 1
E618 317 318 1
E619 317 337 1
E620 318 319 1
E621 318 338 1
E622 319 320 1
E623 319 339 1
E624 320 340 1
E625 321 322 1
E626 321 341 1
E627 322 323 1
E628 322 342 1
E629 323 324 1
E630 323 343 1
E631 324 325 1
E632 324 344 1
E633 325 326 1
E634 325 345 1
E635 326 327 1
E636 326 346 1
E637 327 328 1
E638 327 347 1
E639 328 329 1
E640 328 348 1
E641 329 330 1
E642 329 349 1
E643 330 331 1
E644 330 350 1
E645 331 332 1
E646 331 351 1
E647 332 333 1
E648 332 352 1
E649 333 334 1
E650 333 353 1
E651 334 335 1
E652 334 354 1
E653 335 336 1
E654 335 355 1
E655 336 337 1
E656 336 356 1
E657 337 338 1
E658 337 357 1
E659 338 339 1
E660 338 358 1
E661 339 340 1
E662 339 359 1
E663 340 360 1
E664 341 342 1
E665 341 361 1
E666 342 343 1
E667 342 362 1
E668 343 344 1
E669 343 363 1
E670 344 345 1
E671 344 364 1
E672 345 346 1
E673 345 365 1
E674 346 347 1
E675 346 366 1
E676 347 348 1
E677 347 367 1
E678 348 349 1
E679 348 368 1
E680 349 350 1
E681 349 369 1
E682 350 351 1
E683 350 370 1
E684 351 352 1
E685 351 371 1
E686 352 353 1
E687 352 372 1
E688 353 354 1
E689 353 373 1
E690 354 355 1
E691 354 374 1
E692 355 356 1
E693 355 375 1
E694 356 357 1
E695 356 376 1
E696 357 358 1
E697 357 377 1
E698 358 359 1
E699 358 378 1
E700 359 360 1
E701 359 379 1
E702 360 380 1
E703 361 362 1
E704 361 381 1
E705 362 363 1
E706 362 382 1
E707 363 364 1
E708 363 383 1
E709 364 365 1
E710 364 384 1
E711 365 366 1
E712 365 385 1
E713 366 367 1
E714 366 386 1
E715 367 368 1
E716 367 387 1
E717 368 369 1
E718 368 388 1
E719 369 370 1
E720 369 389 1
E721 370 371 1
E722 370 390 1
E723 371 372 1
E724 371 391 1
E725 372 373 1
E726 372 392 1
E727 373 374 1
E728 373 393 1
E729 374 375 1
E730 374 394 1
E731 375 376 1
E732 375 395 1
E733 376 377 1
E734 376 396 1
E735 377 378 1
E736 377 397 1
E737 378 379 1
E738 378 398 1
E739 379 380 1
E740 379 399 1
E741 380 400 1
E742 381 382 1
E743 382 383 1
E744 383 384 1
E745 384 385 1
E746 385 386 1
E747 386 387 1
E748 387 388 1
E749 388 389 1
E750 389 390 1
E751 390 391 1
E752 391 392 1
E753 392 393 1
E754 393 394 1
E755 394 395 1
E756 395 396 1
E757 396 397 1
E758 397 398 1
E759 398 399 1
E760 399 400 1
