E1 1 2 1
E2 1 51 1
E3 2 3 1
E4 2 52 1
E5 3 4 1
E6 3 53 1
E7 4 5 1
E8 4 54 1
E9 5 6 1
E10 5 55 1
E11 6 7 1
E12 6 56 1
E13 7 8 1
E14 7 57 1
E15 8 9 1
E16 8 58 1
E17 9 10 1
E18 9 59 1
E19 10 11 1
E20 10 60 1
E21 11 12 1
E22 11 61 1
E23 12 13 1
E24 12 62 1
E25 13 14 1
E26 13 63 1
E27 14 15 1
E28 14 64 1
E29 15 16 1
E30 15 65 1
E31 16 17 1
E32 16 66 1
E33 17 18 1
E34 17 67 1
E35 18 19 1
E36 18 68 1
E37 19 20 1
E38 19 69 1
E39 20 21 1
E40 20 70 1
E41 21 22 1
E42 21 71 1
E43 22 23 1
E44 22 72 1
E45 23 24 1
E46 23 73 1
E47 24 25 1
E48 24 74 1
E49 25 26 1
E50 25 75 1
E51 26 27 1
E52 26 76 1
E53 27 28 1
E54 27 77 1
E55 28 29 1
E56 28 78 1
E57 29 30 1
E58 29 79 1
E59 30 31 1
E60 30 80 1
E61 31 32 1
E62 31 81 1
E63 32 33 1
E64 32 82 1
E65 33 34 1
E66 33 83 1
E67 34 35 1
E68 34 84 1
E69 35 36 1
E70 35 85 1
E71 36 37 1
E72 36 86 1
E73 37 38 1
E74 37 87 1
E75 38 39 1
E76 38 88 1
E77 39 40 1
E78 39 89 1
E79 40 41 1
E80 40 90 1
E81 41 42 1
E82 41 91 1
E83 42 43 1
E84 42 92 1
E85 43 44 1
E86 43 93 1
E87 44 45 1
E88 44 94 1
E89 45 46 1
E90 45 95 1
E91 46 47 1
E92 46 96 1
E93 47 48 1
E94 47 97 1
E95 48 49 1
E96 48 98 1
E97 49 50 1
E98 49 99 1
E99 50 100 1
E100 51 52 1
E101 51 101 1
E102 52 53 1
E103 52 102 1
E104 53 54 1
E105 53 103 1
E106 54 55 1
E107 54 104 1
E108 55 56 1
E109 55 105 1
E110 56 57 1
E111 56 106 1
E112 57 58 1
E113 57 107 1
E114 58 59 1
E115 58 108 1
E116 59 60 1
E117 59 109 1
E118 60 61 1
E119 60 110 1
E120 61 62 1
E121 61 111 1
E122 62 63 1
E123 62 112 1
E124 63 64 1
E125 63 113 1
E126 64 65 1
E127 64 114 1
E128 65 66 1
E129 65 115 1
E130 66 67 1
E131 66 116 1
E132 67 68 1
E133 67 117 1
E134 68 69 1
E135 68 118 1
E136 69 70 1
E137 69 119 1
E138 70 71 1
E139 70 120 1
E140 71 72 1
E141 71 121 1
E142 72 73 1
E143 72 122 1
E144 73 74 1
E145 73 123 1
E146 74 75 1
E147 74 124 1
E148 75 76 1
E149 75 125 1
E150 76 77 1
E151 76 126 1
E152 77 78 1
E153 77 127 1
E154 78 79 1
E155 78 128 1
E156 79 80 1
E157 79 129 1
E158 80 81 1
E159 80 130 1
E160 81 82 1
E161 81 131 1
E162 82 83 1
E163 82 132 1
E164 83 84 1
E165 83 133 1
E166 84 85 1
E167 84 134 1
E168 85 86 1
E169 85 135 1
E170 86 87 1
E171 86 136 1
E172 87 88 1
E173 87 137 1
E174 88 89 1
E175 88 138 1
E176 89 90 1
E177 89 139 1
E178 90 91 1
E179 90 140 1
E180 91 92 1
E181 91 141 1
E182 92 93 1
E183 92 142 1
E184 93 94 1
E185 93 143 1
E186 94 95 1
E187 94 144 1
E188 95 96 1
E189 95 145 1
E190 96 97 1
E191 96 146 1
E192 97 98 1
E193 97 147 1
E194 98 99 1
E195 98 148 1
E196 99 100 1
E197 99 149 1
E198 100 150 1
E199 101 102 1
E200 101 151 1
E201 102 103 1
E202 102 152 1
E203 103 104 1
E204 103 153 1
E205 104 105 1
E206 104 154 1
E207 105 106 1
E208 105 155 1
E209 106 107 1
E210 106 156 1
E211 107 108 1
E212 107 157 1
E213 108 109 1
E214 108 158 1
E215 109 110 1
E216 109 159 1
E217 110 111 1
E218 110 160 1
E219 111 112 1
E220 111 161 1
E221 112 113 1
E222 112 162 1
E223 113 114 1
E224 113 163 1
E225 114 115 1
E226 114 164 1
E227 115 116 1
E228 115 165 1
E229 116 117 1
E230 116 166 1
E231 117 118 1
E232 117 167 1
E233 118 119 1
E234 118 168 1
E235 119 120 1
E236 119 169 1
E237 120 121 1
E238 120 170 1
E239 121 122 1
E240 121 171 1
E241 122 123 1
E242 122 172 1
E243 123 124 1
E244 123 173 1
E245 124 125 1
E246 124 174 1
E247 125 126 1
E248 125 175 1
E249 126 127 1
E250 126 176 1
E251 127 128 1
E252 127 177 1
E253 128 129 1
E254 128 178 1
E255 129 130 1
E256 129 179 1
E257 130 131 1
E258 130 180 1
E259 131 132 1
E260 131 181 1
E261 132 133 1
E262 132 182 1
E263 133 134 1
E264 133 183 1
E265 134 135 1
E266 134 184 1
E267 135 136 1
E268 135 185 1
E269 136 137 1
E270 136 186 1
E271 137 138 1
E272 137 187 1
E273 138 139 1
E274 138 188 1
E275 139 140 1
E276 139 189 1
E277 140 141 1
E278 140 190 1
E279 141 142 1
E280 141 191 1
E281 142 143 1
E282 142 192 1
E283 143 144 1
E284 143 193 1
E285 144 145 1
E286 144 194 1
E287 145 146 1
E288 145 195 1
E289 146 147 1
E290 146 196 1
E291 147 148 1
E292 147 197 1
E293 148 149 1
E294 148 198 1
E295 149 150 1
E296 149 199 1
E297 150 200 1
E298 151 152 1
E299 151 201 1
E300 152 153 1
E301 152 202 1
E302 153 154 1
E303 153 203 1
E304 154 155 1
E305 154 204 1
E306 155 156 1
E307 155 205 1
E308 156 157 1
E309 156 206 1
E310 157 158 1
E311 157 207 1
E312 158 159 1
E313 158 208 1
E314 159 160 1
E315 159 209 1
E316 160 161 1
E317 160 210 1
E318 161 162 1
E319 161 211 1
E320 162 163 1
E321 162 212 1
E322 163 164 1
E323 163 213 1
E324 164 165 1
E325 164 214 1
E326 165 166 1
E327 165 215 1
E328 166 167 1
E329 166 216 1
E330 167 168 1
E331 167 217 1
E332 168 169 1
E333 168 218 1
E334 169 170 1
E335 169 219 1
E336 170 171 1
E337 170 220 1
E338 171 172 1
E339 171 221 1
E340 172 173 1
E341 172 222 1
E342 173 174 1
E343 173 223 1
E344 174 175 1
E345 174 224 1
E346 175 176 1
E347 175 225 1
E348 176 177 1
E349 176 226 1
E350 177 178 1
E351 177 227 1
E352 178 179 1
E353 178 228 1
E354 179 180 1
E355 179 229 1
E356 180 181 1
E357 180 230 1
E358 181 182 1
E359 181 231 1
E360 182 183 1
E361 182 232 1
E362 183 184 1
E363 183 233 1
E364 184 185 1
E365 184 234 1
E366 185 186 1
E367 185 235 1
E368 186 187 1
E369 186 236 1
E370 187 188 1
E371 187 237 1
E372 188 189 1
E373 188 238 1
E374 189 190 1
E375 189 239 1
E376 190 191 1
E377 190 240 1
E378 191 192 1
E379 191 241 1
E380 192 193 1
E381 192 242 1
E382 193 194 1
E383 193 243 1
E384 194 195 1
E385 194 244 1
E386 195 196 1
E387 195 245 1
E388 196 197 1
E389 196 246 1
E390 197 198 1
E391 197 247 1
E392 198 199 1
E393 198 248 1
E394 199 200 1
E395 199 249 1
E396 200 250 1
E397 201 202 1
E398 201 251 1
E399 202 203 1
E400 202 252 1
E401 203 204 1
E402 203 253 1
E403 204 205 1
E404 204 254 1
E405 205 206 1
E406 205 255 1
E407 206 207 1
E408 206 256 1
E409 207 208 1
E410 207 257 1
E411 208 209 1
E412 208 258 1
E413 209 210 1
E414 209 259 1
E415 210 211 1
E416 210 260 1
E417 211 212 1
E418 211 261 1
E419 212 213 1
E420 212 262 1
E421 213 214 1
E422 213 263 1
E423 214 215 1
E424 214 264 1
E425 215 216 1
E426 215 265 1
E427 216 217 1
E428 216 266 1
E429 217 218 1
E430 217 267 1
E431 218 219 1
E432 218 268 1
E433 219 220 1
E434 219 269 1
E435 220 221 1
E436 220 270 1
E437 221 222 1
E438 221 271 1
E439 222 223 1
E440 222 272 1
E441 223 224 1
E442 223 273 1
E443 224 225 1
E444 224 274 1
E445 225 226 1
E446 225 275 1
E447 226 227 1
E448 226 276 1
E449 227 228 1
E450 227 277 1
E451 228 229 1
E452 228 278 1
E453 229 230 1
E454 229 279 1
E455 230 231 1
E456 230 280 1
E457 231 232 1
E458 231 281 1
E459 232 233 1
E460 232 282 1
E461 233 234 1
E462 233 283 1
E463 234 235 1
E464 234 284 1
E465 235 236 1
E466 235 285 1
E467 236 237 1
E468 236 286 1
E469 237 238 1
E470 237 287 1
E471 238 239 1
E472 238 288 1
E473 239 240 1
E474 239 289 1
E475 240 241 1
E476 240 290 1
E477 241 242 1
E478 241 291 1
E479 242 243 1
E480 242 292 1
E481 243 244 1
E482 243 293 1
E483 244 245 1
E484 244 294 1
E485 245 246 1
E486 245 295 1
E487 246 247 1
E488 246 296 1
E489 247 248 1
E490 247 297 1
E491 248 249 1
E492 248 298 1
E493 249 250 1
E494 249 299 1
E495 250 300 1
E496 251 252 1
E497 251 301 1
E498 252 253 1
E499 252 302 1
E500 253 254 1
E501 253 303 1
E502 254 255 1
E503 254 304 1
E504 255 256 1
E505 255 305 1
E506 256 257 1
E507 256 306 1
E508 257 258 1
E509 257 307 1
E510 258 259 1
E511 258 308 1
E512 259 260 1
E513 259 309 1
E514 260 261 1
E515 260 310 1
E516 261 262 1
E517 261 311 1
E518 262 263 1
E519 262 312 1
E520 263 264 1
E521 263 313 1
E522 264 265 1
E523 264 314 1
E524 265 266 1
E525 265 315 1
E526 266 267 1
E527 266 316 1
E528 267 268 1
E529 267 317 1
E530 268 269 1
E531 268 318 1
E532 269 270 1
E533 269 319 1
E534 270 271 1
E535 270 320 1
E536 271 272 1
E537 271 321 1
E538 272 273 1
E539 272 322 1
E540 273 274 1
E541 273 323 1
E542 274 275 1
E543 274 324 1
E544 275 276 1
E545 275 325 1
E546 276 277 1
E547 276 326 1
E548 277 278 1
E549 277 327 1
E550 278 279 1
E551 278 328 1
E552 279 280 1
E553 279 329 1
E554 280 281 1
E555 280 330 1
E556 281 282 1
E557 281 331 1
E558 282 283 1
E559 282 332 1
E560 283 284 1
E561 283 333 1
E562 284 285 1
E563 284 334 1
E564 285 286 1
E565 285 335 1
E566 286 287 1
E567 286 336 1
E568 287 288 1
E569 287 337 1
E570 288 289 1
E571 288 338 1
E572 289 290 1
E573 289 339 1
E574 290 291 1
E575 290 340 1
E576 291 292 1
E577 291 341 1
E578 292 293 1
E579 292 342 1
E580 293 294 1
E581 293 343 1
E582 294 295 1
E583 294 344 1
E584 295 296 1
E585 295 345 1
E586 296 297 1
E587 296 346 1
E588 297 298 1
E589 297 347 1
E590 298 299 1
E591 298 348 1
E592 299 300 1
E593 299 349 1
E594 300 350 1
E595 301 302 1
E596 301 351 1
E597 302 303 1
E598 302 352 1
E599 303 304 1
E600 303 353 1
E601 304 305 1
E602 304 354 1
E603 305 306 1
E604 305 355 1
E605 306 307 1
E606 306 356 1
E607 307 308 1
E608 307 357 1
E609 308 309 1
E610 308 358 1
E611 309 310 1
E612 309 359 1
E613 310 311 1
E614 310 360 1
E615 311 312 1
E616 311 361 1
E617 312 313 1
E618 312 362 1
E619 313 314 1
E620 313 363 1
E621 314 315 1
E622 314 364 1
E623 315 316 1
E624 315 365 1
E625 316 317 1
E626 316 366 1
E627 317 318 1
E628 317 367 1
E629 318 319 1
E630 318 368 1
E631 319 320 1
E632 319 369 1
E633 320 321 1
E634 320 370 1
E635 321 322 1
E636 321 371 1
E637 322 323 1
E638 322 372 1
E639 323 324 1
E640 323 373 1
E641 324 325 1
E642 324 374 1
E643 325 326 1
E644 325 375 1
E645 326 327 1
E646 326 376 1
E647 327 328 1
E648 327 377 1
E649 328 329 1
E650 328 378 1
E651 329 330 1
E652 329 379 1
E653 330 331 1
E654 330 380 1
E655 331 332 1
E656 331 381 1
E657 332 333 1
E658 332 382 1
E659 333 334 1
E660 333 383 1
E661 334 335 1
E662 334 384 1
E663 335 336 1
E664 335 385 1
E665 336 337 1
E666 336 386 1
E667 337 338 1
E668 337 387 1
E669 338 339 1
E670 338 388 1
E671 339 340 1
E672 339 389 1
E673 340 341 1
E674 340 390 1
E675 341 342 1
E676 341 391 1
E677 342 343 1
E678 342 392 1
E679 343 344 1
E680 343 393 1
E681 344 345 1
E682 344 394 1
E683 345 346 1
E684 345 395 1
E685 346 347 1
E686 346 396 1
E687 347 348 1
E688 347 397 1
E689 348 349 1
E690 348 398 1
E691 349 350 1
E692 349 399 1
E693 350 400 1
E694 351 352 1
E695 351 401 1
E696 352 353 1
E697 352 402 1
E698 353 354 1
E699 353 403 1
E700 354 355 1
E701 354 404 1
E702 355 356 1
E703 355 405 1
E704 356 357 1
E705 356 406 1
E706 357 358 1
E707 357 407 1
E708 358 359 1
E709 358 408 1
E710 359 360 1
E711 359 409 1
E712 360 361 1
E713 360 410 1
E714 361 362 1
E715 361 411 1
E716 362 363 1
E717 362 412 1
E718 363 364 1
E719 363 413 1
E720 364 365 1
E721 364 414 1
E722 365 366 1
E723 365 415 1
E724 366 367 1
E725 366 416 1
E726 367 368 1
E727 367 417 1
E728 368 369 1
E729 368 418 1
E730 369 370 1
E731 369 419 1
E732 370 371 1
E733 370 420 1
E734 371 372 1
E735 371 421 1
E736 372 373 1
E737 372 422 1
E738 373 374 1
E739 373 423 1
E740 374 375 1
E741 374 424 1
E742 375 376 1
E743 375 425 1
E744 376 377 1
E745 376 426 1
E746 377 378 1
E747 377 427 1
E748 378 379 1
E749 378 428 1
E750 379 380 1
E751 379 429 1
E752 380 381 1
E753 380 430 1
E754 381 382 1
E755 381 431 1
E756 382 383 1
E757 382 432 1
E758 383 384 1
E759 383 433 1
E760 384 385 1
E761 384 434 1
E762 385 386 1
E763 385 435 1
E764 386 387 1
E765 386 436 1
E766 387 388 1
E767 387 437 1
E768 388 389 1
E769 388 438 1
E770 389 390 1
E771 389 439 1
E772 390 391 1
E773 390 440 1
E774 391 392 1
E775 391 441 1
E776 392 393 1
E777 392 442 1
E778 393 394 1
E779 393 443 1
E780 394 395 1
E781 394 444 1
E782 395 396 1
E783 395 445 1
E784 396 397 1
E785 396 446 1
E786 397 398 1
E787 397 447 1
E788 398 399 1
E789 398 448 1
E790 399 400 1
E791 399 449 1
E792 400 450 1
E793 401 402 1
E794 401 451 1
E795 402 403 1
E796 402 452 1
E797 403 404 1
E798 403 453 1
E799 404 405 1
E800 404 454 1
E801 405 406 1
E802 405 455 1
E803 406 407 1
E804 406 456 1
E805 407 408 1
E806 407 457 1
E807 408 409 1
E808 408 458 1
E809 409 410 1
E810 409 459 1
E811 410 411 1
E812 410 460 1
E813 411 412 1
E814 411 461 1
E815 412 413 1
E816 412 462 1
E817 413 414 1
E818 413 463 1
E819 414 415 1
E820 414 464 1
E821 415 416 1
E822 415 465 1
E823 416 417 1
E824 416 466 1
E825 417 418 1
E826 417 467 1
E827 418 419 1
E828 418 468 1
E829 419 420 1
E830 419 469 1
E831 420 421 1
E832 420 470 1
E833 421 422 1
E834 421 471 1
E835 422 423 1
E836 422 472 1
E837 423 424 1
E838 423 473 1
E839 424 425 1
E840 424 474 1
E841 425 426 1
E842 425 475 1
E843 426 427 1
E844 426 476 1
E845 427 428 1
E846 427 477 1
E847 428 429 1
E848 428 478 1
E849 429 430 1
E850 429 479 1
E851 430 431 1
E852 430 480 1
E853 431 432 1
E854 431 481 1
E855 432 433 1
E856 432 482 1
E857 433 434 1
E858 433 483 1
E859 434 435 1
E860 434 484 1
E861 435 436 1
E862 435 485 1
E863 436 437 1
E864 436 486 1
E865 437 438 1
E866 437 487 1
E867 438 439 1
E868 438 488 1
E869 439 440 1
E870 439 489 1
E871 440 441 1
E872 440 490 1
E873 441 442 1
E874 441 491 1
E875 442 443 1
E876 442 492 1
E877 443 444 1
E878 443 493 1
E879 444 445 1
E880 444 494 1
E881 445 446 1
E882 445 495 1
E883 446 447 1
E884 446 496 1
E885 447 448 1
E886 447 497 1
E887 448 449 1
E888 448 498 1
E889 449 450 1
E890 449 499 1
E891 450 500 1
E892 451 452 1
E893 451 501 1
E894 452 453 1
E895 452 502 1
E896 453 454 1
E897 453 503 1
E898 454 455 1
E899 454 504 1
E900 455 456 1
E901 455 505 1
E902 456 457 1
E903 456 506 1
E904 457 458 1
E905 457 507 1
E906 458 459 1
E907 458 508 1
E908 459 460 1
E909 459 509 1
E910 460 461 1
E911 460 510 1
E912 461 462 1
E913 461 511 1
E914 462 463 1
E915 462 512 1
E916 463 464 1
E917 463 513 1
E918 464 465 1
E919 464 514 1
E920 465 466 1
E921 465 515 1
E922 466 467 1
E923 466 516 1
E924 467 468 1
E925 467 517 1
E926 468 469 1
E927 468 518 1
E928 469 470 1
E929 469 519 1
E930 470 471 1
E931 470 520 1
E932 471 472 1
E933 471 521 1
E934 472 473 1
E935 472 522 1
E936 473 474 1
E937 473 523 1
E938 474 475 1
E939 474 524 1
E940 475 476 1
E941 475 525 1
E942 476 477 1
E943 476 526 1
E944 477 478 1
E945 477 527 1
E946 478 479 1
E947 478 528 1
E948 479 480 1
E949 479 529 1
E950 480 481 1
E951 480 530 1
E952 481 482 1
E953 481 531 1
E954 482 483 1
E955 482 532 1
E956 483 484 1
E957 483 533 1
E958 484 485 1
E959 484 534 1
E960 485 486 1
E961 485 535 1
E962 486 487 1
E963 486 536 1
E964 487 488 1
E965 487 537 1
E966 488 489 1
E967 488 538 1
E968 489 490 1
E969 489 539 1
E970 490 491 1
E971 490 540 1
E972 491 492 1
E973 491 541 1
E974 492 493 1
E975 492 542 1
E976 493 494 1
E977 493 543 1
E978 494 495 1
E979 494 544 1
E980 495 496 1
E981 495 545 1
E982 496 497 1
E983 496 546 1
E984 497 498 1
E985 497 547 1
E986 498 499 1
E987 498 548 1
E988 499 500 1
E989 499 549 1
E990 500 550 1
E991 501 502 1
E992 501 551 1
E993 502 503 1
E994 502 552 1
E995 503 504 1
E996 503 553 1
E997 504 505 1
E998 504 554 1
E999 505 506 1
E1000 505 555 1
E1001 506 507 1
E1002 506 556 1
E1003 507 508 1
E1004 507 557 1
E1005 508 509 1
E1006 508 558 1
E1007 509 510 1
E1008 509 559 1
E1009 510 511 1
E1010 510 560 1
E1011 511 512 1
E1012 511 561 1
E1013 512 513 1
E1014 512 562 1
E1015 513 514 1
E1016 513 563 1
E1017 514 515 1
E1018 514 564 1
E1019 515 516 1
E1020 515 565 1
E1021 516 517 1
E1022 516 566 1
E1023 517 518 1
E1024 517 567 1
E1025 518 519 1
E1026 518 568 1
E1027 519 520 1
E1028 519 569 1
E1029 520 521 1
E1030 520 570 1
E1031 521 522 1
E1032 521 571 1
E1033 522 523 1
E1034 522 572 1
E1035 523 524 1
E1036 523 573 1
E1037 524 525 1
E1038 524 574 1
E1039 525 526 1
E1040 525 575 1
E1041 526 527 1
E1042 526 576 1
E1043 527 528 1
E1044 527 577 1
E1045 528 529 1
E1046 528 578 1
E1047 529 530 1
E1048 529 579 1
E1049 530 531 1
E1050 530 580 1
E1051 531 532 1
E1052 531 581 1
E1053 532 533 1
E1054 532 582 1
E1055 533 534 1
E1056 533 583 1
E1057 534 535 1
E1058 534 584 1
E1059 535 536 1
E1060 535 585 1
E1061 536 537 1
E1062 536 586 1
E1063 537 538 1
E1064 537 587 1
E1065 538 539 1
E1066 538 588 1
E1067 539 540 1
E1068 539 589 1
E1069 540 541 1
E1070 540 590 1
E1071 541 542 1
E1072 541 591 1
E1073 542 543 1
E1074 542 592 1
E1075 543 544 1
E1076 543 593 1
E1077 544 545 1
E1078 544 594 1
E1079 545 546 1
E1080 545 595 1
E1081 546 547 1
E1082 546 596 1
E1083 547 548 1
E1084 547 597 1
E1085 548 549 1
E1086 548 598 1
E1087 549 550 1
E1088 549 599 1
E1089 550 600 1
E1090 551 552 1
E1091 551 601 1
E1092 552 553 1
E1093 552 602 1
E1094 553 554 1
E1095 553 603 1
E1096 554 555 1
E1097 554 604 1
E1098 555 556 1
E1099 555 605 1
E1100 556 557 1
E1101 556 606 1
E1102 557 558 1
E1103 557 607 1
E1104 558 559 1
E1105 558 608 1
E1106 559 560 1
E1107 559 609 1
E1108 560 561 1
E1109 560 610 1
E1110 561 562 1
E1111 561 611 1
E1112 562 563 1
E1113 562 612 1
E1114 563 564 1
E1115 563 613 1
E1116 564 565 1
E1117 564 614 1
E1118 565 566 1
E1119 565 615 1
E1120 566 567 1
E1121 566 616 1
E1122 567 568 1
E1123 567 617 1
E1124 568 569 1
E1125 568 618 1
E1126 569 570 1
E1127 569 619 1
E1128 570 571 1
E1129 570 620 1
E1130 571 572 1
E1131 571 621 1
E1132 572 573 1
E1133 572 622 1
E1134 573 574 1
E1135 573 623 1
E1136 574 575 1
E1137 574 624 1
E1138 575 576 1
E1139 575 625 1
E1140 576 577 1
E1141 576 626 1
E1142 577 578 1
E1143 577 627 1
E1144 578 579 1
E1145 578 628 1
E1146 579 580 1
E1147 579 629 1
E1148 580 581 1
E1149 580 630 1
E1150 581 582 1
E1151 581 631 1
E1152 582 583 1
E1153 582 632 1
E1154 583 584 1
E1155 583 633 1
E1156 584 585 1
E1157 584 634 1
E1158 585 586 1
E1159 585 635 1
E1160 586 587 1
E1161 586 636 1
E1162 587 588 1
E1163 587 637 1
E1164 588 589 1
E1165 588 638 1
E1166 589 590 1
E1167 589 639 1
E1168 590 591 1
E1169 590 640 1
E1170 591 592 1
E1171 591 641 1
E1172 592 593 1
E1173 592 642 1
E1174 593 594 1
E1175 593 643 1
E1176 594 595 1
E1177 594 644 1
E1178 595 596 1
E1179 595 645 1
E1180 596 597 1
E1181 596 646 1
E1182 597 598 1
E1183 597 647 1
E1184 598 599 1
E1185 598 648 1
E1186 599 600 1
E1187 599 649 1
E1188 600 650 1
E1189 601 602 1
E1190 601 651 1
E1191 602 603 1
E1192 602 652 1
E1193 603 604 1
E1194 603 653 1
E1195 604 605 1
E1196 604 654 1
E1197 605 606 1
E1198 605 655 1
E1199 606 607 1
E1200 606 656 1
E1201 607 608 1
E1202 607 657 1
E1203 608 609 1
E1204 608 658 1
E1205 609 610 1
E1206 609 659 1
E1207 610 611 1
E1208 610 660 1
E1209 611 612 1
E1210 611 661 1
E1211 612 613 1
E1212 612 662 1
E1213 613 614 1
E1214 613 663 1
E1215 614 615 1
E1216 614 664 1
E1217 615 616 1
E1218 615 665 1
E1219 616 617 1
E1220 616 666 1
E1221 617 618 1
E1222 617 667 1
E1223 618 619 1
E1224 618 668 1
E1225 619 620 1
E1226 619 669 1
E1227 620 621 1
E1228 620 670 1
E1229 621 622 1
E1230 621 671 1
E1231 622 623 1
E1232 622 672 1
E1233 623 624 1
E1234 623 673 1
E1235 624 625 1
E1236 624 674 1
E1237 625 626 1
E1238 625 675 1
E1239 626 627 1
E1240 626 676 1
E1241 627 628 1
E1242 627 677 1
E1243 628 629 1
E1244 628 678 1
E1245 629 630 1
E1246 629 679 1
E1247 630 631 1
E1248 630 680 1
E1249 631 632 1
E1250 631 681 1
E1251 632 633 1
E1252 632 682 1
E1253 633 634 1
E1254 633 683 1
E1255 634 635 1
E1256 634 684 1
E1257 635 636 1
E1258 635 685 1
E1259 636 637 1
E1260 636 686 1
E1261 637 638 1
E1262 637 687 1
E1263 638 639 1
E1264 638 688 1
E1265 639 640 1
E1266 639 689 1
E1267 640 641 1
E1268 640 690 1
E1269 641 642 1
E1270 641 691 1
E1271 642 643 1
E1272 642 692 1
E1273 643 644 1
E1274 643 693 1
E1275 644 645 1
E1276 644 694 1
E1277 645 646 1
E1278 645 695 1
E1279 646 647 1
E1280 646 696 1
E1281 647 648 1
E1282 647 697 1
E1283 648 649 1
E1284 648 698 1
E1285 649 650 1
E1286 649 699 1
E1287 650 700 1
E1288 651 652 1
E1289 651 701 1
E1290 652 653 1
E1291 652 702 1
E1292 653 654 1
E1293 653 703 1
E1294 654 655 1
E1295 654 704 1
E1296 655 656 1
E1297 655 705 1
E1298 656 657 1
E1299 656 706 1
E1300 657 658 1
E1301 657 707 1
E1302 658 659 1
E1303 658 708 1
E1304 659 660 1
E1305 659 709 1
E1306 660 661 1
E1307 660 710 1
E1308 661 662 1
E1309 661 711 1
E1310 662 663 1
E1311 662 712 1
E1312 663 664 1
E1313 663 713 1
E1314 664 665 1
E1315 664 714 1
E1316 665 666 1
E1317 665 715 1
E1318 666 667 1
E1319 666 716 1
E1320 667 668 1
E1321 667 717 1
E1322 668 669 1
E1323 668 718 1
E1324 669 670 1
E1325 669 719 1
E1326 670 671 1
E1327 670 720 1
E1328 671 672 1
E1329 671 721 1
E1330 672 673 1
E1331 672 722 1
E1332 673 674 1
E1333 673 723 1
E1334 674 675 1
E1335 674 724 1
E1336 675 676 1
E1337 675 725 1
E1338 676 677 1
E1339 676 726 1
E1340 677 678 1
E1341 677 727 1
E1342 678 679 1
E1343 678 728 1
E1344 679 680 1
E1345 679 729 1
E1346 680 681 1
E1347 680 730 1
E1348 681 682 1
E1349 681 731 1
E1350 682 683 1
E1351 682 732 1
E1352 683 684 1
E1353 683 733 1
E1354 684 685 1
E1355 684 734 1
E1356 685 686 1
E1357 685 735 1
E1358 686 687 1
E1359 686 736 1
E1360 687 688 1
E1361 687 737 1
E1362 688 689 1
E1363 688 738 1
E1364 689 690 1
E1365 689 739 1
E1366 690 691 1
E1367 690 740 1
E1368 691 692 1
E1369 691 741 1
E1370 692 693 1
E1371 692 742 1
E1372 693 694 1
E1373 693 743 1
E1374 694 695 1
E1375 694 744 1
E1376 695 696 1
E1377 695 745 1
E1378 696 697 1
E1379 696 746 1
E1380 697 698 1
E1381 697 747 1
E1382 698 699 1
E1383 698 748 1
E1384 699 700 1
E1385 699 749 1
E1386 700 750 1
E1387 701 702 1
E1388 701 751 1
E1389 702 703 1
E1390 702 752 1
E1391 703 704 1
E1392 703 753 1
E1393 704 705 1
E1394 704 754 1
E1395 705 706 1
E1396 705 755 1
E1397 706 707 1
E1398 706 756 1
E1399 707 708 1
E1400 707 757 1
E1401 708 709 1
E1402 708 758 1
E1403 709 710 1
E1404 709 759 1
E1405 710 711 1
E1406 710 760 1
E1407 711 712 1
E1408 711 761 1
E1409 712 713 1
E1410 712 762 1
E1411 713 714 1
E1412 713 763 1
E1413 714 715 1
E1414 714 764 1
E1415 715 716 1
E1416 715 765 1
E1417 716 717 1
E1418 716 766 1
E1419 717 718 1
E1420 717 767 1
E1421 718 719 1
E1422 718 768 1
E1423 719 720 1
E1424 719 769 1
E1425 720 721 1
E1426 720 770 1
E1427 721 722 1
E1428 721 771 1
E1429 722 723 1
E1430 722 772 1
E1431 723 724 1
E1432 723 773 1
E1433 724 725 1
E1434 724 774 1
E1435 725 726 1
E1436 725 775 1
E1437 726 727 1
E1438 726 776 1
E1439 727 728 1
E1440 727 777 1
E1441 728 729 1
E1442 728 778 1
E1443 729 730 1
E1444 729 779 1
E1445 730 731 1
E1446 730 780 1
E1447 731 732 1
E1448 731 781 1
E1449 732 733 1
E1450 732 782 1
E1451 733 734 1
E1452 733 783 1
E1453 734 735 1
E1454 734 784 1
E1455 735 736 1
E1456 735 785 1
E1457 736 737 1
E1458 736 786 1
E1459 737 738 1
E1460 737 787 1
E1461 738 739 1
E1462 738 788 1
E1463 739 740 1
E1464 739 789 1
E1465 740 741 1
E1466 740 790 1
E1467 741 742 1
E1468 741 791 1
E1469 742 743 1
E1470 742 792 1
E1471 743 744 1
E1472 743 793 1
E1473 744 745 1
E1474 744 794 1
E1475 745 746 1
E1476 745 795 1
E1477 746 747 1
E1478 746 796 1
E1479 747 748 1
E1480 747 797 1
E1481 748 749 1
E1482 748 798 1
E1483 749 750 1
E1484 749 799 1
E1485 750 800 1
E1486 751 752 1
E1487 751 801 1
E1488 752 753 1
E1489 752 802 1
E1490 753 754 1
E1491 753 803 1
E1492 754 755 1
E1493 754 804 1
E1494 755 756 1
E1495 755 805 1
E1496 756 757 1
E1497 756 806 1
E1498 757 758 1
E1499 757 807 1
E1500 758 759 1
E1501 758 808 1
E1502 759 760 1
E1503 759 809 1
E1504 760 761 1
E1505 760 810 1
E1506 761 762 1
E1507 761 811 1
E1508 762 763 1
E1509 762 812 1
E1510 763 764 1
E1511 763 813 1
E1512 764 765 1
E1513 764 814 1
E1514 765 766 1
E1515 765 815 1
E1516 766 767 1
E1517 766 816 1
E1518 767 768 1
E1519 767 817 1
E1520 768 769 1
E1521 768 818 1
E1522 769 770 1
E1523 769 819 1
E1524 770 771 1
E1525 770 820 1
E1526 771 772 1
E1527 771 821 1
E1528 772 773 1
E1529 772 822 1
E1530 773 774 1
E1531 773 823 1
E1532 774 775 1
E1533 774 824 1
E1534 775 776 1
E1535 775 825 1
E1536 776 777 1
E1537 776 826 1
E1538 777 778 1
E1539 777 827 1
E1540 778 779 1
E1541 778 828 1
E1542 779 780 1
E1543 779 829 1
E1544 780 781 1
E1545 780 830 1
E1546 781 782 1
E1547 781 831 1
E1548 782 783 1
E1549 782 832 1
E1550 783 784 1
E1551 783 833 1
E1552 784 785 1
E1553 784 834 1
E1554 785 786 1
E1555 785 835 1
E1556 786 787 1
E1557 786 836 1
E1558 787 788 1
E1559 787 837 1
E1560 788 789 1
E1561 788 838 1
E1562 789 790 1
E1563 789 839 1
E1564 790 791 1
E1565 790 840 1
E1566 791 792 1
E1567 791 841 1
E1568 792 793 1
E1569 792 842 1
E1570 793 794 1
E1571 793 843 1
E1572 794 795 1
E1573 794 844 1
E1574 795 796 1
E1575 795 845 1
E1576 796 797 1
E1577 796 846 1
E1578 797 798 1
E1579 797 847 1
E1580 798 799 1
E1581 798 848 1
E1582 799 800 1
E1583 799 849 1
E1584 800 850 1
E1585 801 802 1
E1586 801 851 1
E1587 802 803 1
E1588 802 852 1
E1589 803 804 1
E1590 803 853 1
E1591 804 805 1
E1592 804 854 1
E1593 805 806 1
E1594 805 855 1
E1595 806 807 1
E1596 806 856 1
E1597 807 808 1
E1598 807 857 1
E1599 808 809 1
E1600 808 858 1
E1601 809 810 1
E1602 809 859 1
E1603 810 811 1
E1604 810 860 1
E1605 811 812 1
E1606 811 861 1
E1607 812 813 1
E1608 812 862 1
E1609 813 814 1
E1610 813 863 1
E1611 814 815 1
E1612 814 864 1
E1613 815 816 1
E1614 815 865 1
E1615 816 817 1
E1616 816 866 1
E1617 817 818 1
E1618 817 867 1
E1619 818 819 1
E1620 818 868 1
E1621 819 820 1
E1622 819 869 1
E1623 820 821 1
E1624 820 870 1
E1625 821 822 1
E1626 821 871 1
E1627 822 823 1
E1628 822 872 1
E1629 823 824 1
E1630 823 873 1
E1631 824 825 1
E1632 824 874 1
E1633 825 826 1
E1634 825 875 1
E1635 826 827 1
E1636 826 876 1
E1637 827 828 1
E1638 827 877 1
E1639 828 829 1
E1640 828 878 1
E1641 829 830 1
E1642 829 879 1
E1643 830 831 1
E1644 830 880 1
E1645 831 832 1
E1646 831 881 1
E1647 832 833 1
E1648 832 882 1
E1649 833 834 1
E1650 833 883 1
E1651 834 835 1
E1652 834 884 1
E1653 835 836 1
E1654 835 885 1
E1655 836 837 1
E1656 836 886 1
E1657 837 838 1
E1658 837 887 1
E1659 838 839 1
E1660 838 888 1
E1661 839 840 1
E1662 839 889 1
E1663 840 841 1
E1664 840 890 1
E1665 841 842 1
E1666 841 891 1
E1667 842 843 1
E1668 842 892 1
E1669 843 844 1
E1670 843 893 1
E1671 844 845 1
E1672 844 894 1
E1673 845 846 1
E1674 845 895 1
E1675 846 847 1
E1676 846 896 1
E1677 847 848 1
E1678 847 897 1
E1679 848 849 1
E1680 848 898 1
E1681 849 850 1
E1682 849 899 1
E1683 850 900 1
E1684 851 852 1
E1685 851 901 1
E1686 852 853 1
E1687 852 902 1
E1688 853 854 1
E1689 853 903 1
E1690 854 855 1
E1691 854 904 1
E1692 855 856 1
E1693 855 905 1
E1694 856 857 1
E1695 856 906 1
E1696 857 858 1
E1697 857 907 1
E1698 858 859 1
E1699 858 908 1
E1700 859 860 1
E1701 859 909 1
E1702 860 861 1
E1703 860 910 1
E1704 861 862 1
E1705 861 911 1
E1706 862 863 1
E1707 862 912 1
E1708 863 864 1
E1709 863 913 1
E1710 864 865 1
E1711 864 914 1
E1712 865 866 1
E1713 865 915 1
E1714 866 867 1
E1715 866 916 1
E1716 867 868 1
E1717 867 917 1
E1718 868 869 1
E1719 868 918 1
E1720 869 870 1
E1721 869 919 1
E1722 870 871 1
E1723 870 920 1
E1724 871 872 1
E1725 871 921 1
E1726 872 873 1
E1727 872 922 1
E1728 873 874 1
E1729 873 923 1
E1730 874 875 1
E1731 874 924 1
E1732 875 876 1
E1733 875 925 1
E1734 876 877 1
E1735 876 926 1
E1736 877 878 1
E1737 877 927 1
E1738 878 879 1
E1739 878 928 1
E1740 879 880 1
E1741 879 929 1
E1742 880 881 1
E1743 880 930 1
E1744 881 882 1
E1745 881 931 1
E1746 882 883 1
E1747 882 932 1
E1748 883 884 1
E1749 883 933 1
E1750 884 885 1
E1751 884 934 1
E1752 885 886 1
E1753 885 935 1
E1754 886 887 1
E1755 886 936 1
E1756 887 888 1
E1757 887 937 1
E1758 888 889 1
E1759 888 938 1
E1760 889 890 1
E1761 889 939 1
E1762 890 891 1
E1763 890 940 1
E1764 891 892 1
E1765 891 941 1
E1766 892 893 1
E1767 892 942 1
E1768 893 894 1
E1769 893 943 1
E1770 894 895 1
E1771 894 944 1
E1772 895 896 1
E1773 895 945 1
E1774 896 897 1
E1775 896 946 1
E1776 897 898 1
E1777 897 947 1
E1778 898 899 1
E1779 898 948 1
E1780 899 900 1
E1781 899 949 1
E1782 900 950 1
E1783 901 902 1
E1784 901 951 1
E1785 902 903 1
E1786 902 952 1
E1787 903 904 1
E1788 903 953 1
E1789 904 905 1
E1790 904 954 1
E1791 905 906 1
E1792 905 955 1
E1793 906 907 1
E1794 906 956 1
E1795 907 908 1
E1796 907 957 1
E1797 908 909 1
E1798 908 958 1
E1799 909 910 1
E1800 909 959 1
E1801 910 911 1
E1802 910 960 1
E1803 911 912 1
E1804 911 961 1
E1805 912 913 1
E1806 912 962 1
E1807 913 914 1
E1808 913 963 1
E1809 914 915 1
E1810 914 964 1
E1811 915 916 1
E1812 915 965 1
E1813 916 917 1
E1814 916 966 1
E1815 917 918 1
E1816 917 967 1
E1817 918 919 1
E1818 918 968 1
E1819 919 920 1
E1820 919 969 1
E1821 920 921 1
E1822 920 970 1
E1823 921 922 1
E1824 921 971 1
E1825 922 923 1
E1826 922 972 1
E1827 923 924 1
E1828 923 973 1
E1829 924 925 1
E1830 924 974 1
E1831 925 926 1
E1832 925 975 1
E1833 926 927 1
E1834 926 976 1
E1835 927 928 1
E1836 927 977 1
E1837 928 929 1
E1838 928 978 1
E1839 929 930 1
E1840 929 979 1
E1841 930 931 1
E1842 930 980 1
E1843 931 932 1
E1844 931 981 1
E1845 932 933 1
E1846 932 982 1
E1847 933 934 1
E1848 933 983 1
E1849 934 935 1
E1850 934 984 1
E1851 935 936 1
E1852 935 985 1
E1853 936 937 1
E1854 936 986 1
E1855 937 938 1
E1856 937 987 1
E1857 938 939 1
E1858 938 988 1
E1859 939 940 1
E1860 939 989 1
E1861 940 941 1
E1862 940 990 1
E1863 941 942 1
E1864 941 991 1
E1865 942 943 1
E1866 942 992 1
E1867 943 944 1
E1868 943 993 1
E1869 944 945 1
E1870 944 994 1
E1871 945 946 1
E1872 945 995 1
E1873 946 947 1
E1874 946 996 1
E1875 947 948 1
E1876 947 997 1
E1877 948 949 1
E1878 948 998 1
E1879 949 950 1
E1880 949 999 1
E1881 950 1000 1
E1882 951 952 1
E1883 951 1001 1
E1884 952 953 1
E1885 952 1002 1
E1886 953 954 1
E1887 953 1003 1
E1888 954 955 1
E1889 954 1004 1
E1890 955 956 1
E1891 955 1005 1
E1892 956 957 1
E1893 956 1006 1
E1894 957 958 1
E1895 957 1007 1
E1896 958 959 1
E1897 958 1008 1
E1898 959 960 1
E1899 959 1009 1
E1900 960 961 1
E1901 960 1010 1
E1902 961 962 1
E1903 961 1011 1
E1904 962 963 1
E1905 962 1012 1
E1906 963 964 1
E1907 963 1013 1
E1908 964 965 1
E1909 964 1014 1
E1910 965 966 1
E1911 965 1015 1
E1912 966 967 1
E1913 966 1016 1
E1914 967 968 1
E1915 967 1017 1
E1916 968 969 1
E1917 968 1018 1
E1918 969 970 1
E1919 969 1019 1
E1920 970 971 1
E1921 970 1020 1
E1922 971 972 1
E1923 971 1021 1
E1924 972 973 1
E1925 972 1022 1
E1926 973 974 1
E1927 973 1023 1
E1928 974 975 1
E1929 974 1024 1
E1930 975 976 1
E1931 975 1025 1
E1932 976 977 1
E1933 976 1026 1
E1934 977 978 1
E1935 977 1027 1
E1936 978 979 1
E1937 978 1028 1
E1938 979 980 1
E1939 979 1029 1
E1940 980 981 1
E1941 980 1030 1
E1942 981 982 1
E1943 981 1031 1
E1944 982 983 1
E1945 982 1032 1
E1946 983 984 1
E1947 983 1033 1
E1948 984 985 1
E1949 984 1034 1
E1950 985 986 1
E1951 985 1035 1
E1952 986 987 1
E1953 986 1036 1
E1954 987 988 1
E1955 987 1037 1
E1956 988 989 1
E1957 988 1038 1
E1958 989 990 1
E1959 989 1039 1
E1960 990 991 1
E1961 990 1040 1
E1962 991 992 1
E1963 991 1041 1
E1964 992 993 1
E1965 992 1042 1
E1966 993 994 1
E1967 993 1043 1
E1968 994 995 1
E1969 994 1044 1
E1970 995 996 1
E1971 995 1045 1
E1972 996 997 1
E1973 996 1046 1
E1974 997 998 1
E1975 997 1047 1
E1976 998 999 1
E1977 998 1048 1
E1978 999 1000 1
E1979 999 1049 1
E1980 1000 1050 1
E1981 1001 1002 1
E1982 1001 1051 1
E1983 1002 1003 1
E1984 1002 1052 1
E1985 1003 1004 1
E1986 1003 1053 1
E1987 1004 1005 1
E1988 1004 1054 1
E1989 1005 1006 1
E1990 1005 1055 1
E1991 1006 1007 1
E1992 1006 1056 1
E1993 1007 1008 1
E1994 1007 1057 1
E1995 1008 1009 1
E1996 1008 1058 1
E1997 1009 1010 1
E1998 1009 1059 1
E1999 1010 1011 1
E2000 1010 1060 1
E2001 1011 1012 1
E2002 1011 1061 1
E2003 1012 1013 1
E2004 1012 1062 1
E2005 1013 1014 1
E2006 1013 1063 1
E2007 1014 1015 1
E2008 1014 1064 1
E2009 1015 1016 1
E2010 1015 1065 1
E2011 1016 1017 1
E2012 1016 1066 1
E2013 1017 1018 1
E2014 1017 1067 1
E2015 1018 1019 1
E2016 1018 1068 1
E2017 1019 1020 1
E2018 1019 1069 1
E2019 1020 1021 1
E2020 1020 1070 1
E2021 1021 1022 1
E2022 1021 1071 1
E2023 1022 1023 1
E2024 1022 1072 1
E2025 1023 1024 1
E2026 1023 1073 1
E2027 1024 1025 1
E2028 1024 1074 1
E2029 1025 1026 1
E2030 1025 1075 1
E2031 1026 1027 1
E2032 1026 1076 1
E2033 1027 1028 1
E2034 1027 1077 1
E2035 1028 1029 1
E2036 1028 1078 1
E2037 1029 1030 1
E2038 1029 1079 1
E2039 1030 1031 1
E2040 1030 1080 1
E2041 1031 1032 1
E2042 1031 1081 1
E2043 1032 1033 1
E2044 1032 1082 1
E2045 1033 1034 1
E2046 1033 1083 1
E2047 1034 1035 1
E2048 1034 1084 1
E2049 1035 1036 1
E2050 1035 1085 1
E2051 1036 1037 1
E2052 1036 1086 1
E2053 1037 1038 1
E2054 1037 1087 1
E2055 1038 1039 1
E2056 1038 1088 1
E2057 1039 1040 1
E2058 1039 1089 1
E2059 1040 1041 1
E2060 1040 1090 1
E2061 1041 1042 1
E2062 1041 1091 1
E2063 1042 1043 1
E2064 1042 1092 1
E2065 1043 1044 1
E2066 1043 1093 1
E2067 1044 1045 1
E2068 1044 1094 1
E2069 1045 1046 1
E2070 1045 1095 1
E2071 1046 1047 1
E2072 1046 1096 1
E2073 1047 1048 1
E2074 1047 1097 1
E2075 1048 1049 1
E2076 1048 1098 1
E2077 1049 1050 1
E2078 1049 1099 1
E2079 1050 1100 1
E2080 1051 1052 1
E2081 1051 1101 1
E2082 1052 1053 1
E2083 1052 1102 1
E2084 1053 1054 1
E2085 1053 1103 1
E2086 1054 1055 1
E2087 1054 1104 1
E2088 1055 1056 1
E2089 1055 1105 1
E2090 1056 1057 1
E2091 1056 1106 1
E2092 1057 1058 1
E2093 1057 1107 1
E2094 1058 1059 1
E2095 1058 1108 1
E2096 1059 1060 1
E2097 1059 1109 1
E2098 1060 1061 1
E2099 1060 1110 1
E2100 1061 1062 1
E2101 1061 1111 1
E2102 1062 1063 1
E2103 1062 1112 1
E2104 1063 1064 1
E2105 1063 1113 1
E2106 1064 1065 1
E2107 1064 1114 1
E2108 1065 1066 1
E2109 1065 1115 1
E2110 1066 1067 1
E2111 1066 1116 1
E2112 1067 1068 1
E2113 1067 1117 1
E2114 1068 1069 1
E2115 1068 1118 1
E2116 1069 1070 1
E2117 1069 1119 1
E2118 1070 1071 1
E2119 1070 1120 1
E2120 1071 1072 1
E2121 1071 1121 1
E2122 1072 1073 1
E2123 1072 1122 1
E2124 1073 1074 1
E2125 1073 1123 1
E2126 1074 1075 1
E2127 1074 1124 1
E2128 1075 1076 1
E2129 1075 1125 1
E2130 1076 1077 1
E2131 1076 1126 1
E2132 1077 1078 1
E2133 1077 1127 1
E2134 1078 1079 1
E2135 1078 1128 1
E2136 1079 1080 1
E2137 1079 1129 1
E2138 1080 1081 1
E2139 1080 1130 1
E2140 1081 1082 1
E2141 1081 1131 1
E2142 1082 1083 1
E2143 1082 1132 1
E2144 1083 1084 1
E2145 1083 1133 1
E2146 1084 1085 1
E2147 1084 1134 1
E2148 1085 1086 1
E2149 1085 1135 1
E2150 1086 1087 1
E2151 1086 1136 1
E2152 1087 1088 1
E2153 1087 1137 1
E2154 1088 1089 1
E2155 1088 1138 1
E2156 1089 1090 1
E2157 1089 1139 1
E2158 1090 1091 1
E2159 1090 1140 1
E2160 1091 1092 1
E2161 1091 1141 1
E2162 1092 1093 1
E2163 1092 1142 1
E2164 1093 1094 1
E2165 1093 1143 1
E2166 1094 1095 1
E2167 1094 1144 1
E2168 1095 1096 1
E2169 1095 1145 1
E2170 1096 1097 1
E2171 1096 1146 1
E2172 1097 1098 1
E2173 1097 1147 1
E2174 1098 1099 1
E2175 1098 1148 1
E2176 1099 1100 1
E2177 1099 1149 1
E2178 1100 1150 1
E2179 1101 1102 1
E2180 1101 1151 1
E2181 1102 1103 1
E2182 1102 1152 1
E2183 1103 1104 1
E2184 1103 1153 1
E2185 1104 1105 1
E2186 1104 1154 1
E2187 1105 1106 1
E2188 1105 1155 1
E2189 1106 1107 1
E2190 1106 1156 1
E2191 1107 1108 1
E2192 1107 1157 1
E2193 1108 1109 1
E2194 1108 1158 1
E2195 1109 1110 1
E2196 1109 1159 1
E2197 1110 1111 1
E2198 1110 1160 1
E2199 1111 1112 1
E2200 1111 1161 1
E2201 1112 1113 1
E2202 1112 1162 1
E2203 1113 1114 1
E2204 1113 1163 1
E2205 1114 1115 1
E2206 1114 1164 1
E2207 1115 1116 1
E2208 1115 1165 1
E2209 1116 1117 1
E2210 1116 1166 1
E2211 1117 1118 1
E2212 1117 1167 1
E2213 1118 1119 1
E2214 1118 1168 1
E2215 1119 1120 1
E2216 1119 1169 1
E2217 1120 1121 1
E2218 1120 1170 1
E2219 1121 1122 1
E2220 1121 1171 1
E2221 1122 1123 1
E2222 1122 1172 1
E2223 1123 1124 1
E2224 1123 1173 1
E2225 1124 1125 1
E2226 1124 1174 1
E2227 1125 1126 1
E2228 1125 1175 1
E2229 1126 1127 1
E2230 1126 1176 1
E2231 1127 1128 1
E2232 1127 1177 1
E2233 1128 1129 1
E2234 1128 1178 1
E2235 1129 1130 1
E2236 1129 1179 1
E2237 1130 1131 1
E2238 1130 1180 1
E2239 1131 1132 1
E2240 1131 1181 1
E2241 1132 1133 1
E2242 1132 1182 1
E2243 1133 1134 1
E2244 1133 1183 1
E2245 1134 1135 1
E2246 1134 1184 1
E2247 1135 1136 1
E2248 1135 1185 1
E2249 1136 1137 1
E2250 1136 1186 1
E2251 1137 1138 1
E2252 1137 1187 1
E2253 1138 1139 1
E2254 1138 1188 1
E2255 1139 1140 1
E2256 1139 1189 1
E2257 1140 1141 1
E2258 1140 1190 1
E2259 1141 1142 1
E2260 1141 1191 1
E2261 1142 1143 1
E2262 1142 1192 1
E2263 1143 1144 1
E2264 1143 1193 1
E2265 1144 1145 1
E2266 1144 1194 1
E2267 1145 1146 1
E2268 1145 1195 1
E2269 1146 1147 1
E2270 1146 1196 1
E2271 1147 1148 1
E2272 1147 1197 1
E2273 1148 1149 1
E2274 1148 1198 1
E2275 1149 1150 1
E2276 1149 1199 1
E2277 1150 1200 1
E2278 1151 1152 1
E2279 1151 1201 1
E2280 1152 1153 1
E2281 1152 1202 1
E2282 1153 1154 1
E2283 1153 1203 1
E2284 1154 1155 1
E2285 1154 1204 1
E2286 1155 1156 1
E2287 1155 1205 1
E2288 1156 1157 1
E2289 1156 1206 1
E2290 1157 1158 1
E2291 1157 1207 1
E2292 1158 1159 1
E2293 1158 1208 1
E2294 1159 1160 1
E2295 1159 1209 1
E2296 1160 1161 1
E2297 1160 1210 1
E2298 1161 1162 1
E2299 1161 1211 1
E2300 1162 1163 1
E2301 1162 1212 1
E2302 1163 1164 1
E2303 1163 1213 1
E2304 1164 1165 1
E2305 1164 1214 1
E2306 1165 1166 1
E2307 1165 1215 1
E2308 1166 1167 1
E2309 1166 1216 1
E2310 1167 1168 1
E2311 1167 1217 1
E2312 1168 1169 1
E2313 1168 1218 1
E2314 1169 1170 1
E2315 1169 1219 1
E2316 1170 1171 1
E2317 1170 1220 1
E2318 1171 1172 1
E2319 1171 1221 1
E2320 1172 1173 1
E2321 1172 1222 1
E2322 1173 1174 1
E2323 1173 1223 1
E2324 1174 1175 1
E2325 1174 1224 1
E2326 1175 1176 1
E2327 1175 1225 1
E2328 1176 1177 1
E2329 1176 1226 1
E2330 1177 1178 1
E2331 1177 1227 1
E2332 1178 1179 1
E2333 1178 1228 1
E2334 1179 1180 1
E2335 1179 1229 1
E2336 1180 1181 1
E2337 1180 1230 1
E2338 1181 1182 1
E2339 1181 1231 1
E2340 1182 1183 1
E2341 1182 1232 1
E2342 1183 1184 1
E2343 1183 1233 1
E2344 1184 1185 1
E2345 1184 1234 1
E2346 1185 1186 1
E2347 1185 1235 1
E2348 1186 1187 1
E2349 1186 1236 1
E2350 1187 1188 1
E2351 1187 1237 1
E2352 1188 1189 1
E2353 1188 1238 1
E2354 1189 1190 1
E2355 1189 1239 1
E2356 1190 1191 1
E2357 1190 1240 1
E2358 1191 1192 1
E2359 1191 1241 1
E2360 1192 1193 1
E2361 1192 1242 1
E2362 1193 1194 1
E2363 1193 1243 1
E2364 1194 1195 1
E2365 1194 1244 1
E2366 1195 1196 1
E2367 1195 1245 1
E2368 1196 1197 1
E2369 1196 1246 1
E2370 1197 1198 1
E2371 1197 1247 1
E2372 1198 1199 1
E2373 1198 1248 1
E2374 1199 1200 1
E2375 1199 1249 1
E2376 1200 1250 1
E2377 1201 1202 1
E2378 1201 1251 1
E2379 1202 1203 1
E2380 1202 1252 1
E2381 1203 1204 1
E2382 1203 1253 1
E2383 1204 1205 1
E2384 1204 1254 1
E2385 1205 1206 1
E2386 1205 1255 1
E2387 1206 1207 1
E2388 1206 1256 1
E2389 1207 1208 1
E2390 1207 1257 1
E2391 1208 1209 1
E2392 1208 1258 1
E2393 1209 1210 1
E2394 1209 1259 1
E2395 1210 1211 1
E2396 1210 1260 1
E2397 1211 1212 1
E2398 1211 1261 1
E2399 1212 1213 1
E2400 1212 1262 1
E2401 1213 1214 1
E2402 1213 1263 1
E2403 1214 1215 1
E2404 1214 1264 1
E2405 1215 1216 1
E2406 1215 1265 1
E2407 1216 1217 1
E2408 1216 1266 1
E2409 1217 1218 1
E2410 1217 1267 1
E2411 1218 1219 1
E2412 1218 1268 1
E2413 1219 1220 1
E2414 1219 1269 1
E2415 1220 1221 1
E2416 1220 1270 1
E2417 1221 1222 1
E2418 1221 1271 1
E2419 1222 1223 1
E2420 1222 1272 1
E2421 1223 1224 1
E2422 1223 1273 1
E2423 1224 1225 1
E2424 1224 1274 1
E2425 1225 1226 1
E2426 1225 1275 1
E2427 1226 1227 1
E2428 1226 1276 1
E2429 1227 1228 1
E2430 1227 1277 1
E2431 1228 1229 1
E2432 1228 1278 1
E2433 1229 1230 1
E2434 1229 1279 1
E2435 1230 1231 1
E2436 1230 1280 1
E2437 1231 1232 1
E2438 1231 1281 1
E2439 1232 1233 1
E2440 1232 1282 1
E2441 1233 1234 1
E2442 1233 1283 1
E2443 1234 1235 1
E2444 1234 1284 1
E2445 1235 1236 1
E2446 1235 1285 1
E2447 1236 1237 1
E2448 1236 1286 1
E2449 1237 1238 1
E2450 1237 1287 1
E2451 1238 1239 1
E2452 1238 1288 1
E2453 1239 1240 1
E2454 1239 1289 1
E2455 1240 1241 1
E2456 1240 1290 1
E2457 1241 1242 1
E2458 1241 1291 1
E2459 1242 1243 1
E2460 1242 1292 1
E2461 1243 1244 1
E2462 1243 1293 1
E2463 1244 1245 1
E2464 1244 1294 1
E2465 1245 1246 1
E2466 1245 1295 1
E2467 1246 1247 1
E2468 1246 1296 1
E2469 1247 1248 1
E2470 1247 1297 1
E2471 1248 1249 1
E2472 1248 1298 1
E2473 1249 1250 1
E2474 1249 1299 1
E2475 1250 1300 1
E2476 1251 1252 1
E2477 1251 1301 1
E2478 1252 1253 1
E2479 1252 1302 1
E2480 1253 1254 1
E2481 1253 1303 1
E2482 1254 1255 1
E2483 1254 1304 1
E2484 1255 1256 1
E2485 1255 1305 1
E2486 1256 1257 1
E2487 1256 1306 1
E2488 1257 1258 1
E2489 1257 1307 1
E2490 1258 1259 1
E2491 1258 1308 1
E2492 1259 1260 1
E2493 1259 1309 1
E2494 1260 1261 1
E2495 1260 1310 1
E2496 1261 1262 1
E2497 1261 1311 1
E2498 1262 1263 1
E2499 1262 1312 1
E2500 1263 1264 1
E2501 1263 1313 1
E2502 1264 1265 1
E2503 1264 1314 1
E2504 1265 1266 1
E2505 1265 1315 1
E2506 1266 1267 1
E2507 1266 1316 1
E2508 1267 1268 1
E2509 1267 1317 1
E2510 1268 1269 1
E2511 1268 1318 1
E2512 1269 1270 1
E2513 1269 1319 1
E2514 1270 1271 1
E2515 1270 1320 1
E2516 1271 1272 1
E2517 1271 1321 1
E2518 1272 1273 1
E2519 1272 1322 1
E2520 1273 1274 1
E2521 1273 1323 1
E2522 1274 1275 1
E2523 1274 1324 1
E2524 1275 1276 1
E2525 1275 1325 1
E2526 1276 1277 1
E2527 1276 1326 1
E2528 1277 1278 1
E2529 1277 1327 1
E2530 1278 1279 1
E2531 1278 1328 1
E2532 1279 1280 1
E2533 1279 1329 1
E2534 1280 1281 1
E2535 1280 1330 1
E2536 1281 1282 1
E2537 1281 1331 1
E2538 1282 1283 1
E2539 1282 1332 1
E2540 1283 1284 1
E2541 1283 1333 1
E2542 1284 1285 1
E2543 1284 1334 1
E2544 1285 1286 1
E2545 1285 1335 1
E2546 1286 1287 1
E2547 1286 1336 1
E2548 1287 1288 1
E2549 1287 1337 1
E2550 1288 1289 1
E2551 1288 1338 1
E2552 1289 1290 1
E2553 1289 1339 1
E2554 1290 1291 1
E2555 1290 1340 1
E2556 1291 1292 1
E2557 1291 1341 1
E2558 1292 1293 1
E2559 1292 1342 1
E2560 1293 1294 1
E2561 1293 1343 1
E2562 1294 1295 1
E2563 1294 1344 1
E2564 1295 1296 1
E2565 1295 1345 1
E2566 1296 1297 1
E2567 1296 1346 1
E2568 1297 1298 1
E2569 1297 1347 1
E2570 1298 1299 1
E2571 1298 1348 1
E2572 1299 1300 1
E2573 1299 1349 1
E2574 1300 1350 1
E2575 1301 1302 1
E2576 1301 1351 1
E2577 1302 1303 1
E2578 1302 1352 1
E2579 1303 1304 1
E2580 1303 1353 1
E2581 1304 1305 1
E2582 1304 1354 1
E2583 1305 1306 1
E2584 1305 1355 1
E2585 1306 1307 1
E2586 1306 1356 1
E2587 1307 1308 1
E2588 1307 1357 1
E2589 1308 1309 1
E2590 1308 1358 1
E2591 1309 1310 1
E2592 1309 1359 1
E2593 1310 1311 1
E2594 1310 1360 1
E2595 1311 1312 1
E2596 1311 1361 1
E2597 1312 1313 1
E2598 1312 1362 1
E2599 1313 1314 1
E2600 1313 1363 1
E2601 1314 1315 1
E2602 1314 1364 1
E2603 1315 1316 1
E2604 1315 1365 1
E2605 1316 1317 1
E2606 1316 1366 1
E2607 1317 1318 1
E2608 1317 1367 1
E2609 1318 1319 1
E2610 1318 1368 1
E2611 1319 1320 1
E2612 1319 1369 1
E2613 1320 1321 1
E2614 1320 1370 1
E2615 1321 1322 1
E2616 1321 1371 1
E2617 1322 1323 1
E2618 1322 1372 1
E2619 1323 1324 1
E2620 1323 1373 1
E2621 1324 1325 1
E2622 1324 1374 1
E2623 1325 1326 1
E2624 1325 1375 1
E2625 1326 1327 1
E2626 1326 1376 1
E2627 1327 1328 1
E2628 1327 1377 1
E2629 1328 1329 1
E2630 1328 1378 1
E2631 1329 1330 1
E2632 1329 1379 1
E2633 1330 1331 1
E2634 1330 1380 1
E2635 1331 1332 1
E2636 1331 1381 1
E2637 1332 1333 1
E2638 1332 1382 1
E2639 1333 1334 1
E2640 1333 1383 1
E2641 1334 1335 1
E2642 1334 1384 1
E2643 1335 1336 1
E2644 1335 1385 1
E2645 1336 1337 1
E2646 1336 1386 1
E2647 1337 1338 1
E2648 1337 1387 1
E2649 1338 1339 1
E2650 1338 1388 1
E2651 1339 1340 1
E2652 1339 1389 1
E2653 1340 1341 1
E2654 1340 1390 1
E2655 1341 1342 1
E2656 1341 1391 1
E2657 1342 1343 1
E2658 1342 1392 1
E2659 1343 1344 1
E2660 1343 1393 1
E2661 1344 1345 1
E2662 1344 1394 1
E2663 1345 1346 1
E2664 1345 1395 1
E2665 1346 1347 1
E2666 1346 1396 1
E2667 1347 1348 1
E2668 1347 1397 1
E2669 1348 1349 1
E2670 1348 1398 1
E2671 1349 1350 1
E2672 1349 1399 1
E2673 1350 1400 1
E2674 1351 1352 1
E2675 1351 1401 1
E2676 1352 1353 1
E2677 1352 1402 1
E2678 1353 1354 1
E2679 1353 1403 1
E2680 1354 1355 1
E2681 1354 1404 1
E2682 1355 1356 1
E2683 1355 1405 1
E2684 1356 1357 1
E2685 1356 1406 1
E2686 1357 1358 1
E2687 1357 1407 1
E2688 1358 1359 1
E2689 1358 1408 1
E2690 1359 1360 1
E2691 1359 1409 1
E2692 1360 1361 1
E2693 1360 1410 1
E2694 1361 1362 1
E2695 1361 1411 1
E2696 1362 1363 1
E2697 1362 1412 1
E2698 1363 1364 1
E2699 1363 1413 1
E2700 1364 1365 1
E2701 1364 1414 1
E2702 1365 1366 1
E2703 1365 1415 1
E2704 1366 1367 1
E2705 1366 1416 1
E2706 1367 1368 1
E2707 1367 1417 1
E2708 1368 1369 1
E2709 1368 1418 1
E2710 1369 1370 1
E2711 1369 1419 1
E2712 1370 1371 1
E2713 1370 1420 1
E2714 1371 1372 1
E2715 1371 1421 1
E2716 1372 1373 1
E2717 1372 1422 1
E2718 1373 1374 1
E2719 1373 1423 1
E2720 1374 1375 1
E2721 1374 1424 1
E2722 1375 1376 1
E2723 1375 1425 1
E2724 1376 1377 1
E2725 1376 1426 1
E2726 1377 1378 1
E2727 1377 1427 1
E2728 1378 1379 1
E2729 1378 1428 1
E2730 1379 1380 1
E2731 1379 1429 1
E2732 1380 1381 1
E2733 1380 1430 1
E2734 1381 1382 1
E2735 1381 1431 1
E2736 1382 1383 1
E2737 1382 1432 1
E2738 1383 1384 1
E2739 1383 1433 1
E2740 1384 1385 1
E2741 1384 1434 1
E2742 1385 1386 1
E2743 1385 1435 1
E2744 1386 1387 1
E2745 1386 1436 1
E2746 1387 1388 1
E2747 1387 1437 1
E2748 1388 1389 1
E2749 1388 1438 1
E2750 1389 1390 1
E2751 1389 1439 1
E2752 1390 1391 1
E2753 1390 1440 1
E2754 1391 1392 1
E2755 1391 1441 1
E2756 1392 1393 1
E2757 1392 1442 1
E2758 1393 1394 1
E2759 1393 1443 1
E2760 1394 1395 1
E2761 1394 1444 1
E2762 1395 1396 1
E2763 1395 1445 1
E2764 1396 1397 1
E2765 1396 1446 1
E2766 1397 1398 1
E2767 1397 1447 1
E2768 1398 1399 1
E2769 1398 1448 1
E2770 1399 1400 1
E2771 1399 1449 1
E2772 1400 1450 1
E2773 1401 1402 1
E2774 1401 1451 1
E2775 1402 1403 1
E2776 1402 1452 1
E2777 1403 1404 1
E2778 1403 1453 1
E2779 1404 1405 1
E2780 1404 1454 1
E2781 1405 1406 1
E2782 1405 1455 1
E2783 1406 1407 1
E2784 1406 1456 1
E2785 1407 1408 1
E2786 1407 1457 1
E2787 1408 1409 1
E2788 1408 1458 1
E2789 1409 1410 1
E2790 1409 1459 1
E2791 1410 1411 1
E2792 1410 1460 1
E2793 1411 1412 1
E2794 1411 1461 1
E2795 1412 1413 1
E2796 1412 1462 1
E2797 1413 1414 1
E2798 1413 1463 1
E2799 1414 1415 1
E2800 1414 1464 1
E2801 1415 1416 1
E2802 1415 1465 1
E2803 1416 1417 1
E2804 1416 1466 1
E2805 1417 1418 1
E2806 1417 1467 1
E2807 1418 1419 1
E2808 1418 1468 1
E2809 1419 1420 1
E2810 1419 1469 1
E2811 1420 1421 1
E2812 1420 1470 1
E2813 1421 1422 1
E2814 1421 1471 1
E2815 1422 1423 1
E2816 1422 1472 1
E2817 1423 1424 1
E2818 1423 1473 1
E2819 1424 1425 1
E2820 1424 1474 1
E2821 1425 1426 1
E2822 1425 1475 1
E2823 1426 1427 1
E2824 1426 1476 1
E2825 1427 1428 1
E2826 1427 1477 1
E2827 1428 1429 1
E2828 1428 1478 1
E2829 1429 1430 1
E2830 1429 1479 1
E2831 1430 1431 1
E2832 1430 1480 1
E2833 1431 1432 1
E2834 1431 1481 1
E2835 1432 1433 1
E2836 1432 1482 1
E2837 1433 1434 1
E2838 1433 1483 1
E2839 1434 1435 1
E2840 1434 1484 1
E2841 1435 1436 1
E2842 1435 1485 1
E2843 1436 1437 1
E2844 1436 1486 1
E2845 1437 1438 1
E2846 1437 1487 1
E2847 1438 1439 1
E2848 1438 1488 1
E2849 1439 1440 1
E2850 1439 1489 1
E2851 1440 1441 1
E2852 1440 1490 1
E2853 1441 1442 1
E2854 1441 1491 1
E2855 1442 1443 1
E2856 1442 1492 1
E2857 1443 1444 1
E2858 1443 1493 1
E2859 1444 1445 1
E2860 1444 1494 1
E2861 1445 1446 1
E2862 1445 1495 1
E2863 1446 1447 1
E2864 1446 1496 1
E2865 1447 1448 1
E2866 1447 1497 1
E2867 1448 1449 1
E2868 1448 1498 1
E2869 1449 1450 1
E2870 1449 1499 1
E2871 1450 1500 1
E2872 1451 1452 1
E2873 1451 1501 1
E2874 1452 1453 1
E2875 1452 1502 1
E2876 1453 1454 1
E2877 1453 1503 1
E2878 1454 1455 1
E2879 1454 1504 1
E2880 1455 1456 1
E2881 1455 1505 1
E2882 1456 1457 1
E2883 1456 1506 1
E2884 1457 1458 1
E2885 1457 1507 1
E2886 1458 1459 1
E2887 1458 1508 1
E2888 1459 1460 1
E2889 1459 1509 1
E2890 1460 1461 1
E2891 1460 1510 1
E2892 1461 1462 1
E2893 1461 1511 1
E2894 1462 1463 1
E2895 1462 1512 1
E2896 1463 1464 1
E2897 1463 1513 1
E2898 1464 1465 1
E2899 1464 1514 1
E2900 1465 1466 1
E2901 1465 1515 1
E2902 1466 1467 1
E2903 1466 1516 1
E2904 1467 1468 1
E2905 1467 1517 1
E2906 1468 1469 1
E2907 1468 1518 1
E2908 1469 1470 1
E2909 1469 1519 1
E2910 1470 1471 1
E2911 1470 1520 1
E2912 1471 1472 1
E2913 1471 1521 1
E2914 1472 1473 1
E2915 1472 1522 1
E2916 1473 1474 1
E2917 1473 1523 1
E2918 1474 1475 1
E2919 1474 1524 1
E2920 1475 1476 1
E2921 1475 1525 1
E2922 1476 1477 1
E2923 1476 1526 1
E2924 1477 1478 1
E2925 1477 1527 1
E2926 1478 1479 1
E2927 1478 1528 1
E2928 1479 1480 1
E2929 1479 1529 1
E2930 1480 1481 1
E2931 1480 1530 1
E2932 1481 1482 1
E2933 1481 1531 1
E2934 1482 1483 1
E2935 1482 1532 1
E2936 1483 1484 1
E2937 1483 1533 1
E2938 1484 1485 1
E2939 1484 1534 1
E2940 1485 1486 1
E2941 1485 1535 1
E2942 1486 1487 1
E2943 1486 1536 1
E2944 1487 1488 1
E2945 1487 1537 1
E2946 1488 1489 1
E2947 1488 1538 1
E2948 1489 1490 1
E2949 1489 1539 1
E2950 1490 1491 1
E2951 1490 1540 1
E2952 1491 1492 1
E2953 1491 1541 1
E2954 1492 1493 1
E2955 1492 1542 1
E2956 1493 1494 1
E2957 1493 1543 1
E2958 1494 1495 1
E2959 1494 1544 1
E2960 1495 1496 1
E2961 1495 1545 1
E2962 1496 1497 1
E2963 1496 1546 1
E2964 1497 1498 1
E2965 1497 1547 1
E2966 1498 1499 1
E2967 1498 1548 1
E2968 1499 1500 1
E2969 1499 1549 1
E2970 1500 1550 1
E2971 1501 1502 1
E2972 1501 1551 1
E2973 1502 1503 1
E2974 1502 1552 1
E2975 1503 1504 1
E2976 1503 1553 1
E2977 1504 1505 1
E2978 1504 1554 1
E2979 1505 1506 1
E2980 1505 1555 1
E2981 1506 1507 1
E2982 1506 1556 1
E2983 1507 1508 1
E2984 1507 1557 1
E2985 1508 1509 1
E2986 1508 1558 1
E2987 1509 1510 1
E2988 1509 1559 1
E2989 1510 1511 1
E2990 1510 1560 1
E2991 1511 1512 1
E2992 1511 1561 1
E2993 1512 1513 1
E2994 1512 1562 1
E2995 1513 1514 1
E2996 1513 1563 1
E2997 1514 1515 1
E2998 1514 1564 1
E2999 1515 1516 1
E3000 1515 1565 1
E3001 1516 1517 1
E3002 1516 1566 1
E3003 1517 1518 1
E3004 1517 1567 1
E3005 1518 1519 1
E3006 1518 1568 1
E3007 1519 1520 1
E3008 1519 1569 1
E3009 1520 1521 1
E3010 1520 1570 1
E3011 1521 1522 1
E3012 1521 1571 1
E3013 1522 1523 1
E3014 1522 1572 1
E3015 1523 1524 1
E3016 1523 1573 1
E3017 1524 1525 1
E3018 1524 1574 1
E3019 1525 1526 1
E3020 1525 1575 1
E3021 1526 1527 1
E3022 1526 1576 1
E3023 1527 1528 1
E3024 1527 1577 1
E3025 1528 1529 1
E3026 1528 1578 1
E3027 1529 1530 1
E3028 1529 1579 1
E3029 1530 1531 1
E3030 1530 1580 1
E3031 1531 1532 1
E3032 1531 1581 1
E3033 1532 1533 1
E3034 1532 1582 1
E3035 1533 1534 1
E3036 1533 1583 1
E3037 1534 1535 1
E3038 1534 1584 1
E3039 1535 1536 1
E3040 1535 1585 1
E3041 1536 1537 1
E3042 1536 1586 1
E3043 1537 1538 1
E3044 1537 1587 1
E3045 1538 1539 1
E3046 1538 1588 1
E3047 1539 1540 1
E3048 1539 1589 1
E3049 1540 1541 1
E3050 1540 1590 1
E3051 1541 1542 1
E3052 1541 1591 1
E3053 1542 1543 1
E3054 1542 1592 1
E3055 1543 1544 1
E3056 1543 1593 1
E3057 1544 1545 1
E3058 1544 1594 1
E3059 1545 1546 1
E3060 1545 1595 1
E3061 1546 1547 1
E3062 1546 1596 1
E3063 1547 1548 1
E3064 1547 1597 1
E3065 1548 1549 1
E3066 1548 1598 1
E3067 1549 1550 1
E3068 1549 1599 1
E3069 1550 1600 1
E3070 1551 1552 1
E3071 1551 1601 1
E3072 1552 1553 1
E3073 1552 1602 1
E3074 1553 1554 1
E3075 1553 1603 1
E3076 1554 1555 1
E3077 1554 1604 1
E3078 1555 1556 1
E3079 1555 1605 1
E3080 1556 1557 1
E3081 1556 1606 1
E3082 1557 1558 1
E3083 1557 1607 1
E3084 1558 1559 1
E3085 1558 1608 1
E3086 1559 1560 1
E3087 1559 1609 1
E3088 1560 1561 1
E3089 1560 1610 1
E3090 1561 1562 1
E3091 1561 1611 1
E3092 1562 1563 1
E3093 1562 1612 1
E3094 1563 1564 1
E3095 1563 1613 1
E3096 1564 1565 1
E3097 1564 1614 1
E3098 1565 1566 1
E3099 1565 1615 1
E3100 1566 1567 1
E3101 1566 1616 1
E3102 1567 1568 1
E3103 1567 1617 1
E3104 1568 1569 1
E3105 1568 1618 1
E3106 1569 1570 1
E3107 1569 1619 1
E3108 1570 1571 1
E3109 1570 1620 1
E3110 1571 1572 1
E3111 1571 1621 1
E3112 1572 1573 1
E3113 1572 1622 1
E3114 1573 1574 1
E3115 1573 1623 1
E3116 1574 1575 1
E3117 1574 1624 1
E3118 1575 1576 1
E3119 1575 1625 1
E3120 1576 1577 1
E3121 1576 1626 1
E3122 1577 1578 1
E3123 1577 1627 1
E3124 1578 1579 1
E3125 1578 1628 1
E3126 1579 1580 1
E3127 1579 1629 1
E3128 1580 1581 1
E3129 1580 1630 1
E3130 1581 1582 1
E3131 1581 1631 1
E3132 1582 1583 1
E3133 1582 1632 1
E3134 1583 1584 1
E3135 1583 1633 1
E3136 1584 1585 1
E3137 1584 1634 1
E3138 1585 1586 1
E3139 1585 1635 1
E3140 1586 1587 1
E3141 1586 1636 1
E3142 1587 1588 1
E3143 1587 1637 1
E3144 1588 1589 1
E3145 1588 1638 1
E3146 1589 1590 1
E3147 1589 1639 1
E3148 1590 1591 1
E3149 1590 1640 1
E3150 1591 1592 1
E3151 1591 1641 1
E3152 1592 1593 1
E3153 1592 1642 1
E3154 1593 1594 1
E3155 1593 1643 1
E3156 1594 1595 1
E3157 1594 1644 1
E3158 1595 1596 1
E3159 1595 1645 1
E3160 1596 1597 1
E3161 1596 1646 1
E3162 1597 1598 1
E3163 1597 1647 1
E3164 1598 1599 1
E3165 1598 1648 1
E3166 1599 1600 1
E3167 1599 1649 1
E3168 1600 1650 1
E3169 1601 1602 1
E3170 1601 1651 1
E3171 1602 1603 1
E3172 1602 1652 1
E3173 1603 1604 1
E3174 1603 1653 1
E3175 1604 1605 1
E3176 1604 1654 1
E3177 1605 1606 1
E3178 1605 1655 1
E3179 1606 1607 1
E3180 1606 1656 1
E3181 1607 1608 1
E3182 1607 1657 1
E3183 1608 1609 1
E3184 1608 1658 1
E3185 1609 1610 1
E3186 1609 1659 1
E3187 1610 1611 1
E3188 1610 1660 1
E3189 1611 1612 1
E3190 1611 1661 1
E3191 1612 1613 1
E3192 1612 1662 1
E3193 1613 1614 1
E3194 1613 1663 1
E3195 1614 1615 1
E3196 1614 1664 1
E3197 1615 1616 1
E3198 1615 1665 1
E3199 1616 1617 1
E3200 1616 1666 1
E3201 1617 1618 1
E3202 1617 1667 1
E3203 1618 1619 1
E3204 1618 1668 1
E3205 1619 1620 1
E3206 1619 1669 1
E3207 1620 1621 1
E3208 1620 1670 1
E3209 1621 1622 1
E3210 1621 1671 1
E3211 1622 1623 1
E3212 1622 1672 1
E3213 1623 1624 1
E3214 1623 1673 1
E3215 1624 1625 1
E3216 1624 1674 1
E3217 1625 1626 1
E3218 1625 1675 1
E3219 1626 1627 1
E3220 1626 1676 1
E3221 1627 1628 1
E3222 1627 1677 1
E3223 1628 1629 1
E3224 1628 1678 1
E3225 1629 1630 1
E3226 1629 1679 1
E3227 1630 1631 1
E3228 1630 1680 1
E3229 1631 1632 1
E3230 1631 1681 1
E3231 1632 1633 1
E3232 1632 1682 1
E3233 1633 1634 1
E3234 1633 1683 1
E3235 1634 1635 1
E3236 1634 1684 1
E3237 1635 1636 1
E3238 1635 1685 1
E3239 1636 1637 1
E3240 1636 1686 1
E3241 1637 1638 1
E3242 1637 1687 1
E3243 1638 1639 1
E3244 1638 1688 1
E3245 1639 1640 1
E3246 1639 1689 1
E3247 1640 1641 1
E3248 1640 1690 1
E3249 1641 1642 1
E3250 1641 1691 1
E3251 1642 1643 1
E3252 1642 1692 1
E3253 1643 1644 1
E3254 1643 1693 1
E3255 1644 1645 1
E3256 1644 1694 1
E3257 1645 1646 1
E3258 1645 1695 1
E3259 1646 1647 1
E3260 1646 1696 1
E3261 1647 1648 1
E3262 1647 1697 1
E3263 1648 1649 1
E3264 1648 1698 1
E3265 1649 1650 1
E3266 1649 1699 1
E3267 1650 1700 1
E3268 1651 1652 1
E3269 1651 1701 1
E3270 1652 1653 1
E3271 1652 1702 1
E3272 1653 1654 1
E3273 1653 1703 1
E3274 1654 1655 1
E3275 1654 1704 1
E3276 1655 1656 1
E3277 1655 1705 1
E3278 1656 1657 1
E3279 1656 1706 1
E3280 1657 1658 1
E3281 1657 1707 1
E3282 1658 1659 1
E3283 1658 1708 1
E3284 1659 1660 1
E3285 1659 1709 1
E3286 1660 1661 1
E3287 1660 1710 1
E3288 1661 1662 1
E3289 1661 1711 1
E3290 1662 1663 1
E3291 1662 1712 1
E3292 1663 1664 1
E3293 1663 1713 1
E3294 1664 1665 1
E3295 1664 1714 1
E3296 1665 1666 1
E3297 1665 1715 1
E3298 1666 1667 1
E3299 1666 1716 1
E3300 1667 1668 1
E3301 1667 1717 1
E3302 1668 1669 1
E3303 1668 1718 1
E3304 1669 1670 1
E3305 1669 1719 1
E3306 1670 1671 1
E3307 1670 1720 1
E3308 1671 1672 1
E3309 1671 1721 1
E3310 1672 1673 1
E3311 1672 1722 1
E3312 1673 1674 1
E3313 1673 1723 1
E3314 1674 1675 1
E3315 1674 1724 1
E3316 1675 1676 1
E3317 1675 1725 1
E3318 1676 1677 1
E3319 1676 1726 1
E3320 1677 1678 1
E3321 1677 1727 1
E3322 1678 1679 1
E3323 1678 1728 1
E3324 1679 1680 1
E3325 1679 1729 1
E3326 1680 1681 1
E3327 1680 1730 1
E3328 1681 1682 1
E3329 1681 1731 1
E3330 1682 1683 1
E3331 1682 1732 1
E3332 1683 1684 1
E3333 1683 1733 1
E3334 1684 1685 1
E3335 1684 1734 1
E3336 1685 1686 1
E3337 1685 1735 1
E3338 1686 1687 1
E3339 1686 1736 1
E3340 1687 1688 1
E3341 1687 1737 1
E3342 1688 1689 1
E3343 1688 1738 1
E3344 1689 1690 1
E3345 1689 1739 1
E3346 1690 1691 1
E3347 1690 1740 1
E3348 1691 1692 1
E3349 1691 1741 1
E3350 1692 1693 1
E3351 1692 1742 1
E3352 1693 1694 1
E3353 1693 1743 1
E3354 1694 1695 1
E3355 1694 1744 1
E3356 1695 1696 1
E3357 1695 1745 1
E3358 1696 1697 1
E3359 1696 1746 1
E3360 1697 1698 1
E3361 1697 1747 1
E3362 1698 1699 1
E3363 1698 1748 1
E3364 1699 1700 1
E3365 1699 1749 1
E3366 1700 1750 1
E3367 1701 1702 1
E3368 1701 1751 1
E3369 1702 1703 1
E3370 1702 1752 1
E3371 1703 1704 1
E3372 1703 1753 1
E3373 1704 1705 1
E3374 1704 1754 1
E3375 1705 1706 1
E3376 1705 1755 1
E3377 1706 1707 1
E3378 1706 1756 1
E3379 1707 1708 1
E3380 1707 1757 1
E3381 1708 1709 1
E3382 1708 1758 1
E3383 1709 1710 1
E3384 1709 1759 1
E3385 1710 1711 1
E3386 1710 1760 1
E3387 1711 1712 1
E3388 1711 1761 1
E3389 1712 1713 1
E3390 1712 1762 1
E3391 1713 1714 1
E3392 1713 1763 1
E3393 1714 1715 1
E3394 1714 1764 1
E3395 1715 1716 1
E3396 1715 1765 1
E3397 1716 1717 1
E3398 1716 1766 1
E3399 1717 1718 1
E3400 1717 1767 1
E3401 1718 1719 1
E3402 1718 1768 1
E3403 1719 1720 1
E3404 1719 1769 1
E3405 1720 1721 1
E3406 1720 1770 1
E3407 1721 1722 1
E3408 1721 1771 1
E3409 1722 1723 1
E3410 1722 1772 1
E3411 1723 1724 1
E3412 1723 1773 1
E3413 1724 1725 1
E3414 1724 1774 1
E3415 1725 1726 1
E3416 1725 1775 1
E3417 1726 1727 1
E3418 1726 1776 1
E3419 1727 1728 1
E3420 1727 1777 1
E3421 1728 1729 1
E3422 1728 1778 1
E3423 1729 1730 1
E3424 1729 1779 1
E3425 1730 1731 1
E3426 1730 1780 1
E3427 1731 1732 1
E3428 1731 1781 1
E3429 1732 1733 1
E3430 1732 1782 1
E3431 1733 1734 1
E3432 1733 1783 1
E3433 1734 1735 1
E3434 1734 1784 1
E3435 1735 1736 1
E3436 1735 1785 1
E3437 1736 1737 1
E3438 1736 1786 1
E3439 1737 1738 1
E3440 1737 1787 1
E3441 1738 1739 1
E3442 1738 1788 1
E3443 1739 1740 1
E3444 1739 1789 1
E3445 1740 1741 1
E3446 1740 1790 1
E3447 1741 1742 1
E3448 1741 1791 1
E3449 1742 1743 1
E3450 1742 1792 1
E3451 1743 1744 1
E3452 1743 1793 1
E3453 1744 1745 1
E3454 1744 1794 1
E3455 1745 1746 1
E3456 1745 1795 1
E3457 1746 1747 1
E3458 1746 1796 1
E3459 1747 1748 1
E3460 1747 1797 1
E3461 1748 1749 1
E3462 1748 1798 1
E3463 1749 1750 1
E3464 1749 1799 1
E3465 1750 1800 1
E3466 1751 1752 1
E3467 1751 1801 1
E3468 1752 1753 1
E3469 1752 1802 1
E3470 1753 1754 1
E3471 1753 1803 1
E3472 1754 1755 1
E3473 1754 1804 1
E3474 1755 1756 1
E3475 1755 1805 1
E3476 1756 1757 1
E3477 1756 1806 1
E3478 1757 1758 1
E3479 1757 1807 1
E3480 1758 1759 1
E3481 1758 1808 1
E3482 1759 1760 1
E3483 1759 1809 1
E3484 1760 1761 1
E3485 1760 1810 1
E3486 1761 1762 1
E3487 1761 1811 1
E3488 1762 1763 1
E3489 1762 1812 1
E3490 1763 1764 1
E3491 1763 1813 1
E3492 1764 1765 1
E3493 1764 1814 1
E3494 1765 1766 1
E3495 1765 1815 1
E3496 1766 1767 1
E3497 1766 1816 1
E3498 1767 1768 1
E3499 1767 1817 1
E3500 1768 1769 1
E3501 1768 1818 1
E3502 1769 1770 1
E3503 1769 1819 1
E3504 1770 1771 1
E3505 1770 1820 1
E3506 1771 1772 1
E3507 1771 1821 1
E3508 1772 1773 1
E3509 1772 1822 1
E3510 1773 1774 1
E3511 1773 1823 1
E3512 1774 1775 1
E3513 1774 1824 1
E3514 1775 1776 1
E3515 1775 1825 1
E3516 1776 1777 1
E3517 1776 1826 1
E3518 1777 1778 1
E3519 1777 1827 1
E3520 1778 1779 1
E3521 1778 1828 1
E3522 1779 1780 1
E3523 1779 1829 1
E3524 1780 1781 1
E3525 1780 1830 1
E3526 1781 1782 1
E3527 1781 1831 1
E3528 1782 1783 1
E3529 1782 1832 1
E3530 1783 1784 1
E3531 1783 1833 1
E3532 1784 1785 1
E3533 1784 1834 1
E3534 1785 1786 1
E3535 1785 1835 1
E3536 1786 1787 1
E3537 1786 1836 1
E3538 1787 1788 1
E3539 1787 1837 1
E3540 1788 1789 1
E3541 1788 1838 1
E3542 1789 1790 1
E3543 1789 1839 1
E3544 1790 1791 1
E3545 1790 1840 1
E3546 1791 1792 1
E3547 1791 1841 1
E3548 1792 1793 1
E3549 1792 1842 1
E3550 1793 1794 1
E3551 1793 1843 1
E3552 1794 1795 1
E3553 1794 1844 1
E3554 1795 1796 1
E3555 1795 1845 1
E3556 1796 1797 1
E3557 1796 1846 1
E3558 1797 1798 1
E3559 1797 1847 1
E3560 1798 1799 1
E3561 1798 1848 1
E3562 1799 1800 1
E3563 1799 1849 1
E3564 1800 1850 1
E3565 1801 1802 1
E3566 1801 1851 1
E3567 1802 1803 1
E3568 1802 1852 1
E3569 1803 1804 1
E3570 1803 1853 1
E3571 1804 1805 1
E3572 1804 1854 1
E3573 1805 1806 1
E3574 1805 1855 1
E3575 1806 1807 1
E3576 1806 1856 1
E3577 1807 1808 1
E3578 1807 1857 1
E3579 1808 1809 1
E3580 1808 1858 1
E3581 1809 1810 1
E3582 1809 1859 1
E3583 1810 1811 1
E3584 1810 1860 1
E3585 1811 1812 1
E3586 1811 1861 1
E3587 1812 1813 1
E3588 1812 1862 1
E3589 1813 1814 1
E3590 1813 1863 1
E3591 1814 1815 1
E3592 1814 1864 1
E3593 1815 1816 1
E3594 1815 1865 1
E3595 1816 1817 1
E3596 1816 1866 1
E3597 1817 1818 1
E3598 1817 1867 1
E3599 1818 1819 1
E3600 1818 1868 1
E3601 1819 1820 1
E3602 1819 1869 1
E3603 1820 1821 1
E3604 1820 1870 1
E3605 1821 1822 1
E3606 1821 1871 1
E3607 1822 1823 1
E3608 1822 1872 1
E3609 1823 1824 1
E3610 1823 1873 1
E3611 1824 1825 1
E3612 1824 1874 1
E3613 1825 1826 1
E3614 1825 1875 1
E3615 1826 1827 1
E3616 1826 1876 1
E3617 1827 1828 1
E3618 1827 1877 1
E3619 1828 1829 1
E3620 1828 1878 1
E3621 1829 1830 1
E3622 1829 1879 1
E3623 1830 1831 1
E3624 1830 1880 1
E3625 1831 1832 1
E3626 1831 1881 1
E3627 1832 1833 1
E3628 1832 1882 1
E3629 1833 1834 1
E3630 1833 1883 1
E3631 1834 1835 1
E3632 1834 1884 1
E3633 1835 1836 1
E3634 1835 1885 1
E3635 1836 1837 1
E3636 1836 1886 1
E3637 1837 1838 1
E3638 1837 1887 1
E3639 1838 1839 1
E3640 1838 1888 1
E3641 1839 1840 1
E3642 1839 1889 1
E3643 1840 1841 1
E3644 1840 1890 1
E3645 1841 1842 1
E3646 1841 1891 1
E3647 1842 1843 1
E3648 1842 1892 1
E3649 1843 1844 1
E3650 1843 1893 1
E3651 1844 1845 1
E3652 1844 1894 1
E3653 1845 1846 1
E3654 1845 1895 1
E3655 1846 1847 1
E3656 1846 1896 1
E3657 1847 1848 1
E3658 1847 1897 1
E3659 1848 1849 1
E3660 1848 1898 1
E3661 1849 1850 1
E3662 1849 1899 1
E3663 1850 1900 1
E3664 1851 1852 1
E3665 1851 1901 1
E3666 1852 1853 1
E3667 1852 1902 1
E3668 1853 1854 1
E3669 1853 1903 1
E3670 1854 1855 1
E3671 1854 1904 1
E3672 1855 1856 1
E3673 1855 1905 1
E3674 1856 1857 1
E3675 1856 1906 1
E3676 1857 1858 1
E3677 1857 1907 1
E3678 1858 1859 1
E3679 1858 1908 1
E3680 1859 1860 1
E3681 1859 1909 1
E3682 1860 1861 1
E3683 1860 1910 1
E3684 1861 1862 1
E3685 1861 1911 1
E3686 1862 1863 1
E3687 1862 1912 1
E3688 1863 1864 1
E3689 1863 1913 1
E3690 1864 1865 1
E3691 1864 1914 1
E3692 1865 1866 1
E3693 1865 1915 1
E3694 1866 1867 1
E3695 1866 1916 1
E3696 1867 1868 1
E3697 1867 1917 1
E3698 1868 1869 1
E3699 1868 1918 1
E3700 1869 1870 1
E3701 1869 1919 1
E3702 1870 1871 1
E3703 1870 1920 1
E3704 1871 1872 1
E3705 1871 1921 1
E3706 1872 1873 1
E3707 1872 1922 1
E3708 1873 1874 1
E3709 1873 1923 1
E3710 1874 1875 1
E3711 1874 1924 1
E3712 1875 1876 1
E3713 1875 1925 1
E3714 1876 1877 1
E3715 1876 1926 1
E3716 1877 1878 1
E3717 1877 1927 1
E3718 1878 1879 1
E3719 1878 1928 1
E3720 1879 1880 1
E3721 1879 1929 1
E3722 1880 1881 1
E3723 1880 1930 1
E3724 1881 1882 1
E3725 1881 1931 1
E3726 1882 1883 1
E3727 1882 1932 1
E3728 1883 1884 1
E3729 1883 1933 1
E3730 1884 1885 1
E3731 1884 1934 1
E3732 1885 1886 1
E3733 1885 1935 1
E3734 1886 1887 1
E3735 1886 1936 1
E3736 1887 1888 1
E3737 1887 1937 1
E3738 1888 1889 1
E3739 1888 1938 1
E3740 1889 1890 1
E3741 1889 1939 1
E3742 1890 1891 1
E3743 1890 1940 1
E3744 1891 1892 1
E3745 1891 1941 1
E3746 1892 1893 1
E3747 1892 1942 1
E3748 1893 1894 1
E3749 1893 1943 1
E3750 1894 1895 1
E3751 1894 1944 1
E3752 1895 1896 1
E3753 1895 1945 1
E3754 1896 1897 1
E3755 1896 1946 1
E3756 1897 1898 1
E3757 1897 1947 1
E3758 1898 1899 1
E3759 1898 1948 1
E3760 1899 1900 1
E3761 1899 1949 1
E3762 1900 1950 1
E3763 1901 1902 1
E3764 1901 1951 1
E3765 1902 1903 1
E3766 1902 1952 1
E3767 1903 1904 1
E3768 1903 1953 1
E3769 1904 1905 1
E3770 1904 1954 1
E3771 1905 1906 1
E3772 1905 1955 1
E3773 1906 1907 1
E3774 1906 1956 1
E3775 1907 1908 1
E3776 1907 1957 1
E3777 1908 1909 1
E3778 1908 1958 1
E3779 1909 1910 1
E3780 1909 1959 1
E3781 1910 1911 1
E3782 1910 1960 1
E3783 1911 1912 1
E3784 1911 1961 1
E3785 1912 1913 1
E3786 1912 1962 1
E3787 1913 1914 1
E3788 1913 1963 1
E3789 1914 1915 1
E3790 1914 1964 1
E3791 1915 1916 1
E3792 1915 1965 1
E3793 1916 1917 1
E3794 1916 1966 1
E3795 1917 1918 1
E3796 1917 1967 1
E3797 1918 1919 1
E3798 1918 1968 1
E3799 1919 1920 1
E3800 1919 1969 1
E3801 1920 1921 1
E3802 1920 1970 1
E3803 1921 1922 1
E3804 1921 1971 1
E3805 1922 1923 1
E3806 1922 1972 1
E3807 1923 1924 1
E3808 1923 1973 1
E3809 1924 1925 1
E3810 1924 1974 1
E3811 1925 1926 1
E3812 1925 1975 1
E3813 1926 1927 1
E3814 1926 1976 1
E3815 1927 1928 1
E3816 1927 1977 1
E3817 1928 1929 1
E3818 1928 1978 1
E3819 1929 1930 1
E3820 1929 1979 1
E3821 1930 1931 1
E3822 1930 1980 1
E3823 1931 1932 1
E3824 1931 1981 1
E3825 1932 1933 1
E3826 1932 1982 1
E3827 1933 1934 1
E3828 1933 1983 1
E3829 1934 1935 1
E3830 1934 1984 1
E3831 1935 1936 1
E3832 1935 1985 1
E3833 1936 1937 1
E3834 1936 1986 1
E3835 1937 1938 1
E3836 1937 1987 1
E3837 1938 1939 1
E3838 1938 1988 1
E3839 1939 1940 1
E3840 1939 1989 1
E3841 1940 1941 1
E3842 1940 1990 1
E3843 1941 1942 1
E3844 1941 1991 1
E3845 1942 1943 1
E3846 1942 1992 1
E3847 1943 1944 1
E3848 1943 1993 1
E3849 1944 1945 1
E3850 1944 1994 1
E3851 1945 1946 1
E3852 1945 1995 1
E3853 1946 1947 1
E3854 1946 1996 1
E3855 1947 1948 1
E3856 1947 1997 1
E3857 1948 1949 1
E3858 1948 1998 1
E3859 1949 1950 1
E3860 1949 1999 1
E3861 1950 2000 1
E3862 1951 1952 1
E3863 1951 2001 1
E3864 1952 1953 1
E3865 1952 2002 1
E3866 1953 1954 1
E3867 1953 2003 1
E3868 1954 1955 1
E3869 1954 2004 1
E3870 1955 1956 1
E3871 1955 2005 1
E3872 1956 1957 1
E3873 1956 2006 1
E3874 1957 1958 1
E3875 1957 2007 1
E3876 1958 1959 1
E3877 1958 2008 1
E3878 1959 1960 1
E3879 1959 2009 1
E3880 1960 1961 1
E3881 1960 2010 1
E3882 1961 1962 1
E3883 1961 2011 1
E3884 1962 1963 1
E3885 1962 2012 1
E3886 1963 1964 1
E3887 1963 2013 1
E3888 1964 1965 1
E3889 1964 2014 1
E3890 1965 1966 1
E3891 1965 2015 1
E3892 1966 1967 1
E3893 1966 2016 1
E3894 1967 1968 1
E3895 1967 2017 1
E3896 1968 1969 1
E3897 1968 2018 1
E3898 1969 1970 1
E3899 1969 2019 1
E3900 1970 1971 1
E3901 1970 2020 1
E3902 1971 1972 1
E3903 1971 2021 1
E3904 1972 1973 1
E3905 1972 2022 1
E3906 1973 1974 1
E3907 1973 2023 1
E3908 1974 1975 1
E3909 1974 2024 1
E3910 1975 1976 1
E3911 1975 2025 1
E3912 1976 1977 1
E3913 1976 2026 1
E3914 1977 1978 1
E3915 1977 2027 1
E3916 1978 1979 1
E3917 1978 2028 1
E3918 1979 1980 1
E3919 1979 2029 1
E3920 1980 1981 1
E3921 1980 2030 1
E3922 1981 1982 1
E3923 1981 2031 1
E3924 1982 1983 1
E3925 1982 2032 1
E3926 1983 1984 1
E3927 1983 2033 1
E3928 1984 1985 1
E3929 1984 2034 1
E3930 1985 1986 1
E3931 1985 2035 1
E3932 1986 1987 1
E3933 1986 2036 1
E3934 1987 1988 1
E3935 1987 2037 1
E3936 1988 1989 1
E3937 1988 2038 1
E3938 1989 1990 1
E3939 1989 2039 1
E3940 1990 1991 1
E3941 1990 2040 1
E3942 1991 1992 1
E3943 1991 2041 1
E3944 1992 1993 1
E3945 1992 2042 1
E3946 1993 1994 1
E3947 1993 2043 1
E3948 1994 1995 1
E3949 1994 2044 1
E3950 1995 1996 1
E3951 1995 2045 1
E3952 1996 1997 1
E3953 1996 2046 1
E3954 1997 1998 1
E3955 1997 2047 1
E3956 1998 1999 1
E3957 1998 2048 1
E3958 1999 2000 1
E3959 1999 2049 1
E3960 2000 2050 1
E3961 2001 2002 1
E3962 2001 2051 1
E3963 2002 2003 1
E3964 2002 2052 1
E3965 2003 2004 1
E3966 2003 2053 1
E3967 2004 2005 1
E3968 2004 2054 1
E3969 2005 2006 1
E3970 2005 2055 1
E3971 2006 2007 1
E3972 2006 2056 1
E3973 2007 2008 1
E3974 2007 2057 1
E3975 2008 2009 1
E3976 2008 2058 1
E3977 2009 2010 1
E3978 2009 2059 1
E3979 2010 2011 1
E3980 2010 2060 1
E3981 2011 2012 1
E3982 2011 2061 1
E3983 2012 2013 1
E3984 2012 2062 1
E3985 2013 2014 1
E3986 2013 2063 1
E3987 2014 2015 1
E3988 2014 2064 1
E3989 2015 2016 1
E3990 2015 2065 1
E3991 2016 2017 1
E3992 2016 2066 1
E3993 2017 2018 1
E3994 2017 2067 1
E3995 2018 2019 1
E3996 2018 2068 1
E3997 2019 2020 1
E3998 2019 2069 1
E3999 2020 2021 1
E4000 2020 2070 1
E4001 2021 2022 1
E4002 2021 2071 1
E4003 2022 2023 1
E4004 2022 2072 1
E4005 2023 2024 1
E4006 2023 2073 1
E4007 2024 2025 1
E4008 2024 2074 1
E4009 2025 2026 1
E4010 2025 2075 1
E4011 2026 2027 1
E4012 2026 2076 1
E4013 2027 2028 1
E4014 2027 2077 1
E4015 2028 2029 1
E4016 2028 2078 1
E4017 2029 2030 1
E4018 2029 2079 1
E4019 2030 2031 1
E4020 2030 2080 1
E4021 2031 2032 1
E4022 2031 2081 1
E4023 2032 2033 1
E4024 2032 2082 1
E4025 2033 2034 1
E4026 2033 2083 1
E4027 2034 2035 1
E4028 2034 2084 1
E4029 2035 2036 1
E4030 2035 2085 1
E4031 2036 2037 1
E4032 2036 2086 1
E4033 2037 2038 1
E4034 2037 2087 1
E4035 2038 2039 1
E4036 2038 2088 1
E4037 2039 2040 1
E4038 2039 2089 1
E4039 2040 2041 1
E4040 2040 2090 1
E4041 2041 2042 1
E4042 2041 2091 1
E4043 2042 2043 1
E4044 2042 2092 1
E4045 2043 2044 1
E4046 2043 2093 1
E4047 2044 2045 1
E4048 2044 2094 1
E4049 2045 2046 1
E4050 2045 2095 1
E4051 2046 2047 1
E4052 2046 2096 1
E4053 2047 2048 1
E4054 2047 2097 1
E4055 2048 2049 1
E4056 2048 2098 1
E4057 2049 2050 1
E4058 2049 2099 1
E4059 2050 2100 1
E4060 2051 2052 1
E4061 2051 2101 1
E4062 2052 2053 1
E4063 2052 2102 1
E4064 2053 2054 1
E4065 2053 2103 1
E4066 2054 2055 1
E4067 2054 2104 1
E4068 2055 2056 1
E4069 2055 2105 1
E4070 2056 2057 1
E4071 2056 2106 1
E4072 2057 2058 1
E4073 2057 2107 1
E4074 2058 2059 1
E4075 2058 2108 1
E4076 2059 2060 1
E4077 2059 2109 1
E4078 2060 2061 1
E4079 2060 2110 1
E4080 2061 2062 1
E4081 2061 2111 1
E4082 2062 2063 1
E4083 2062 2112 1
E4084 2063 2064 1
E4085 2063 2113 1
E4086 2064 2065 1
E4087 2064 2114 1
E4088 2065 2066 1
E4089 2065 2115 1
E4090 2066 2067 1
E4091 2066 2116 1
E4092 2067 2068 1
E4093 2067 2117 1
E4094 2068 2069 1
E4095 2068 2118 1
E4096 2069 2070 1
E4097 2069 2119 1
E4098 2070 2071 1
E4099 2070 2120 1
E4100 2071 2072 1
E4101 2071 2121 1
E4102 2072 2073 1
E4103 2072 2122 1
E4104 2073 2074 1
E4105 2073 2123 1
E4106 2074 2075 1
E4107 2074 2124 1
E4108 2075 2076 1
E4109 2075 2125 1
E4110 2076 2077 1
E4111 2076 2126 1
E4112 2077 2078 1
E4113 2077 2127 1
E4114 2078 2079 1
E4115 2078 2128 1
E4116 2079 2080 1
E4117 2079 2129 1
E4118 2080 2081 1
E4119 2080 2130 1
E4120 2081 2082 1
E4121 2081 2131 1
E4122 2082 2083 1
E4123 2082 2132 1
E4124 2083 2084 1
E4125 2083 2133 1
E4126 2084 2085 1
E4127 2084 2134 1
E4128 2085 2086 1
E4129 2085 2135 1
E4130 2086 2087 1
E4131 2086 2136 1
E4132 2087 2088 1
E4133 2087 2137 1
E4134 2088 2089 1
E4135 2088 2138 1
E4136 2089 2090 1
E4137 2089 2139 1
E4138 2090 2091 1
E4139 2090 2140 1
E4140 2091 2092 1
E4141 2091 2141 1
E4142 2092 2093 1
E4143 2092 2142 1
E4144 2093 2094 1
E4145 2093 2143 1
E4146 2094 2095 1
E4147 2094 2144 1
E4148 2095 2096 1
E4149 2095 2145 1
E4150 2096 2097 1
E4151 2096 2146 1
E4152 2097 2098 1
E4153 2097 2147 1
E4154 2098 2099 1
E4155 2098 2148 1
E4156 2099 2100 1
E4157 2099 2149 1
E4158 2100 2150 1
E4159 2101 2102 1
E4160 2101 2151 1
E4161 2102 2103 1
E4162 2102 2152 1
E4163 2103 2104 1
E4164 2103 2153 1
E4165 2104 2105 1
E4166 2104 2154 1
E4167 2105 2106 1
E4168 2105 2155 1
E4169 2106 2107 1
E4170 2106 2156 1
E4171 2107 2108 1
E4172 2107 2157 1
E4173 2108 2109 1
E4174 2108 2158 1
E4175 2109 2110 1
E4176 2109 2159 1
E4177 2110 2111 1
E4178 2110 2160 1
E4179 2111 2112 1
E4180 2111 2161 1
E4181 2112 2113 1
E4182 2112 2162 1
E4183 2113 2114 1
E4184 2113 2163 1
E4185 2114 2115 1
E4186 2114 2164 1
E4187 2115 2116 1
E4188 2115 2165 1
E4189 2116 2117 1
E4190 2116 2166 1
E4191 2117 2118 1
E4192 2117 2167 1
E4193 2118 2119 1
E4194 2118 2168 1
E4195 2119 2120 1
E4196 2119 2169 1
E4197 2120 2121 1
E4198 2120 2170 1
E4199 2121 2122 1
E4200 2121 2171 1
E4201 2122 2123 1
E4202 2122 2172 1
E4203 2123 2124 1
E4204 2123 2173 1
E4205 2124 2125 1
E4206 2124 2174 1
E4207 2125 2126 1
E4208 2125 2175 1
E4209 2126 2127 1
E4210 2126 2176 1
E4211 2127 2128 1
E4212 2127 2177 1
E4213 2128 2129 1
E4214 2128 2178 1
E4215 2129 2130 1
E4216 2129 2179 1
E4217 2130 2131 1
E4218 2130 2180 1
E4219 2131 2132 1
E4220 2131 2181 1
E4221 2132 2133 1
E4222 2132 2182 1
E4223 2133 2134 1
E4224 2133 2183 1
E4225 2134 2135 1
E4226 2134 2184 1
E4227 2135 2136 1
E4228 2135 2185 1
E4229 2136 2137 1
E4230 2136 2186 1
E4231 2137 2138 1
E4232 2137 2187 1
E4233 2138 2139 1
E4234 2138 2188 1
E4235 2139 2140 1
E4236 2139 2189 1
E4237 2140 2141 1
E4238 2140 2190 1
E4239 2141 2142 1
E4240 2141 2191 1
E4241 2142 2143 1
E4242 2142 2192 1
E4243 2143 2144 1
E4244 2143 2193 1
E4245 2144 2145 1
E4246 2144 2194 1
E4247 2145 2146 1
E4248 2145 2195 1
E4249 2146 2147 1
E4250 2146 2196 1
E4251 2147 2148 1
E4252 2147 2197 1
E4253 2148 2149 1
E4254 2148 2198 1
E4255 2149 2150 1
E4256 2149 2199 1
E4257 2150 2200 1
E4258 2151 2152 1
E4259 2151 2201 1
E4260 2152 2153 1
E4261 2152 2202 1
E4262 2153 2154 1
E4263 2153 2203 1
E4264 2154 2155 1
E4265 2154 2204 1
E4266 2155 2156 1
E4267 2155 2205 1
E4268 2156 2157 1
E4269 2156 2206 1
E4270 2157 2158 1
E4271 2157 2207 1
E4272 2158 2159 1
E4273 2158 2208 1
E4274 2159 2160 1
E4275 2159 2209 1
E4276 2160 2161 1
E4277 2160 2210 1
E4278 2161 2162 1
E4279 2161 2211 1
E4280 2162 2163 1
E4281 2162 2212 1
E4282 2163 2164 1
E4283 2163 2213 1
E4284 2164 2165 1
E4285 2164 2214 1
E4286 2165 2166 1
E4287 2165 2215 1
E4288 2166 2167 1
E4289 2166 2216 1
E4290 2167 2168 1
E4291 2167 2217 1
E4292 2168 2169 1
E4293 2168 2218 1
E4294 2169 2170 1
E4295 2169 2219 1
E4296 2170 2171 1
E4297 2170 2220 1
E4298 2171 2172 1
E4299 2171 2221 1
E4300 2172 2173 1
E4301 2172 2222 1
E4302 2173 2174 1
E4303 2173 2223 1
E4304 2174 2175 1
E4305 2174 2224 1
E4306 2175 2176 1
E4307 2175 2225 1
E4308 2176 2177 1
E4309 2176 2226 1
E4310 2177 2178 1
E4311 2177 2227 1
E4312 2178 2179 1
E4313 2178 2228 1
E4314 2179 2180 1
E4315 2179 2229 1
E4316 2180 2181 1
E4317 2180 2230 1
E4318 2181 2182 1
E4319 2181 2231 1
E4320 2182 2183 1
E4321 2182 2232 1
E4322 2183 2184 1
E4323 2183 2233 1
E4324 2184 2185 1
E4325 2184 2234 1
E4326 2185 2186 1
E4327 2185 2235 1
E4328 2186 2187 1
E4329 2186 2236 1
E4330 2187 2188 1
E4331 2187 2237 1
E4332 2188 2189 1
E4333 2188 2238 1
E4334 2189 2190 1
E4335 2189 2239 1
E4336 2190 2191 1
E4337 2190 2240 1
E4338 2191 2192 1
E4339 2191 2241 1
E4340 2192 2193 1
E4341 2192 2242 1
E4342 2193 2194 1
E4343 2193 2243 1
E4344 2194 2195 1
E4345 2194 2244 1
E4346 2195 2196 1
E4347 2195 2245 1
E4348 2196 2197 1
E4349 2196 2246 1
E4350 2197 2198 1
E4351 2197 2247 1
E4352 2198 2199 1
E4353 2198 2248 1
E4354 2199 2200 1
E4355 2199 2249 1
E4356 2200 2250 1
E4357 2201 2202 1
E4358 2201 2251 1
E4359 2202 2203 1
E4360 2202 2252 1
E4361 2203 2204 1
E4362 2203 2253 1
E4363 2204 2205 1
E4364 2204 2254 1
E4365 2205 2206 1
E4366 2205 2255 1
E4367 2206 2207 1
E4368 2206 2256 1
E4369 2207 2208 1
E4370 2207 2257 1
E4371 2208 2209 1
E4372 2208 2258 1
E4373 2209 2210 1
E4374 2209 2259 1
E4375 2210 2211 1
E4376 2210 2260 1
E4377 2211 2212 1
E4378 2211 2261 1
E4379 2212 2213 1
E4380 2212 2262 1
E4381 2213 2214 1
E4382 2213 2263 1
E4383 2214 2215 1
E4384 2214 2264 1
E4385 2215 2216 1
E4386 2215 2265 1
E4387 2216 2217 1
E4388 2216 2266 1
E4389 2217 2218 1
E4390 2217 2267 1
E4391 2218 2219 1
E4392 2218 2268 1
E4393 2219 2220 1
E4394 2219 2269 1
E4395 2220 2221 1
E4396 2220 2270 1
E4397 2221 2222 1
E4398 2221 2271 1
E4399 2222 2223 1
E4400 2222 2272 1
E4401 2223 2224 1
E4402 2223 2273 1
E4403 2224 2225 1
E4404 2224 2274 1
E4405 2225 2226 1
E4406 2225 2275 1
E4407 2226 2227 1
E4408 2226 2276 1
E4409 2227 2228 1
E4410 2227 2277 1
E4411 2228 2229 1
E4412 2228 2278 1
E4413 2229 2230 1
E4414 2229 2279 1
E4415 2230 2231 1
E4416 2230 2280 1
E4417 2231 2232 1
E4418 2231 2281 1
E4419 2232 2233 1
E4420 2232 2282 1
E4421 2233 2234 1
E4422 2233 2283 1
E4423 2234 2235 1
E4424 2234 2284 1
E4425 2235 2236 1
E4426 2235 2285 1
E4427 2236 2237 1
E4428 2236 2286 1
E4429 2237 2238 1
E4430 2237 2287 1
E4431 2238 2239 1
E4432 2238 2288 1
E4433 2239 2240 1
E4434 2239 2289 1
E4435 2240 2241 1
E4436 2240 2290 1
E4437 2241 2242 1
E4438 2241 2291 1
E4439 2242 2243 1
E4440 2242 2292 1
E4441 2243 2244 1
E4442 2243 2293 1
E4443 2244 2245 1
E4444 2244 2294 1
E4445 2245 2246 1
E4446 2245 2295 1
E4447 2246 2247 1
E4448 2246 2296 1
E4449 2247 2248 1
E4450 2247 2297 1
E4451 2248 2249 1
E4452 2248 2298 1
E4453 2249 2250 1
E4454 2249 2299 1
E4455 2250 2300 1
E4456 2251 2252 1
E4457 2251 2301 1
E4458 2252 2253 1
E4459 2252 2302 1
E4460 2253 2254 1
E4461 2253 2303 1
E4462 2254 2255 1
E4463 2254 2304 1
E4464 2255 2256 1
E4465 2255 2305 1
E4466 2256 2257 1
E4467 2256 2306 1
E4468 2257 2258 1
E4469 2257 2307 1
E4470 2258 2259 1
E4471 2258 2308 1
E4472 2259 2260 1
E4473 2259 2309 1
E4474 2260 2261 1
E4475 2260 2310 1
E4476 2261 2262 1
E4477 2261 2311 1
E4478 2262 2263 1
E4479 2262 2312 1
E4480 2263 2264 1
E4481 2263 2313 1
E4482 2264 2265 1
E4483 2264 2314 1
E4484 2265 2266 1
E4485 2265 2315 1
E4486 2266 2267 1
E4487 2266 2316 1
E4488 2267 2268 1
E4489 2267 2317 1
E4490 2268 2269 1
E4491 2268 2318 1
E4492 2269 2270 1
E4493 2269 2319 1
E4494 2270 2271 1
E4495 2270 2320 1
E4496 2271 2272 1
E4497 2271 2321 1
E4498 2272 2273 1
E4499 2272 2322 1
E4500 2273 2274 1
E4501 2273 2323 1
E4502 2274 2275 1
E4503 2274 2324 1
E4504 2275 2276 1
E4505 2275 2325 1
E4506 2276 2277 1
E4507 2276 2326 1
E4508 2277 2278 1
E4509 2277 2327 1
E4510 2278 2279 1
E4511 2278 2328 1
E4512 2279 2280 1
E4513 2279 2329 1
E4514 2280 2281 1
E4515 2280 2330 1
E4516 2281 2282 1
E4517 2281 2331 1
E4518 2282 2283 1
E4519 2282 2332 1
E4520 2283 2284 1
E4521 2283 2333 1
E4522 2284 2285 1
E4523 2284 2334 1
E4524 2285 2286 1
E4525 2285 2335 1
E4526 2286 2287 1
E4527 2286 2336 1
E4528 2287 2288 1
E4529 2287 2337 1
E4530 2288 2289 1
E4531 2288 2338 1
E4532 2289 2290 1
E4533 2289 2339 1
E4534 2290 2291 1
E4535 2290 2340 1
E4536 2291 2292 1
E4537 2291 2341 1
E4538 2292 2293 1
E4539 2292 2342 1
E4540 2293 2294 1
E4541 2293 2343 1
E4542 2294 2295 1
E4543 2294 2344 1
E4544 2295 2296 1
E4545 2295 2345 1
E4546 2296 2297 1
E4547 2296 2346 1
E4548 2297 2298 1
E4549 2297 2347 1
E4550 2298 2299 1
E4551 2298 2348 1
E4552 2299 2300 1
E4553 2299 2349 1
E4554 2300 2350 1
E4555 2301 2302 1
E4556 2301 2351 1
E4557 2302 2303 1
E4558 2302 2352 1
E4559 2303 2304 1
E4560 2303 2353 1
E4561 2304 2305 1
E4562 2304 2354 1
E4563 2305 2306 1
E4564 2305 2355 1
E4565 2306 2307 1
E4566 2306 2356 1
E4567 2307 2308 1
E4568 2307 2357 1
E4569 2308 2309 1
E4570 2308 2358 1
E4571 2309 2310 1
E4572 2309 2359 1
E4573 2310 2311 1
E4574 2310 2360 1
E4575 2311 2312 1
E4576 2311 2361 1
E4577 2312 2313 1
E4578 2312 2362 1
E4579 2313 2314 1
E4580 2313 2363 1
E4581 2314 2315 1
E4582 2314 2364 1
E4583 2315 2316 1
E4584 2315 2365 1
E4585 2316 2317 1
E4586 2316 2366 1
E4587 2317 2318 1
E4588 2317 2367 1
E4589 2318 2319 1
E4590 2318 2368 1
E4591 2319 2320 1
E4592 2319 2369 1
E4593 2320 2321 1
E4594 2320 2370 1
E4595 2321 2322 1
E4596 2321 2371 1
E4597 2322 2323 1
E4598 2322 2372 1
E4599 2323 2324 1
E4600 2323 2373 1
E4601 2324 2325 1
E4602 2324 2374 1
E4603 2325 2326 1
E4604 2325 2375 1
E4605 2326 2327 1
E4606 2326 2376 1
E4607 2327 2328 1
E4608 2327 2377 1
E4609 2328 2329 1
E4610 2328 2378 1
E4611 2329 2330 1
E4612 2329 2379 1
E4613 2330 2331 1
E4614 2330 2380 1
E4615 2331 2332 1
E4616 2331 2381 1
E4617 2332 2333 1
E4618 2332 2382 1
E4619 2333 2334 1
E4620 2333 2383 1
E4621 2334 2335 1
E4622 2334 2384 1
E4623 2335 2336 1
E4624 2335 2385 1
E4625 2336 2337 1
E4626 2336 2386 1
E4627 2337 2338 1
E4628 2337 2387 1
E4629 2338 2339 1
E4630 2338 2388 1
E4631 2339 2340 1
E4632 2339 2389 1
E4633 2340 2341 1
E4634 2340 2390 1
E4635 2341 2342 1
E4636 2341 2391 1
E4637 2342 2343 1
E4638 2342 2392 1
E4639 2343 2344 1
E4640 2343 2393 1
E4641 2344 2345 1
E4642 2344 2394 1
E4643 2345 2346 1
E4644 2345 2395 1
E4645 2346 2347 1
E4646 2346 2396 1
E4647 2347 2348 1
E4648 2347 2397 1
E4649 2348 2349 1
E4650 2348 2398 1
E4651 2349 2350 1
E4652 2349 2399 1
E4653 2350 2400 1
E4654 2351 2352 1
E4655 2351 2401 1
E4656 2352 2353 1
E4657 2352 2402 1
E4658 2353 2354 1
E4659 2353 2403 1
E4660 2354 2355 1
E4661 2354 2404 1
E4662 2355 2356 1
E4663 2355 2405 1
E4664 2356 2357 1
E4665 2356 2406 1
E4666 2357 2358 1
E4667 2357 2407 1
E4668 2358 2359 1
E4669 2358 2408 1
E4670 2359 2360 1
E4671 2359 2409 1
E4672 2360 2361 1
E4673 2360 2410 1
E4674 2361 2362 1
E4675 2361 2411 1
E4676 2362 2363 1
E4677 2362 2412 1
E4678 2363 2364 1
E4679 2363 2413 1
E4680 2364 2365 1
E4681 2364 2414 1
E4682 2365 2366 1
E4683 2365 2415 1
E4684 2366 2367 1
E4685 2366 2416 1
E4686 2367 2368 1
E4687 2367 2417 1
E4688 2368 2369 1
E4689 2368 2418 1
E4690 2369 2370 1
E4691 2369 2419 1
E4692 2370 2371 1
E4693 2370 2420 1
E4694 2371 2372 1
E4695 2371 2421 1
E4696 2372 2373 1
E4697 2372 2422 1
E4698 2373 2374 1
E4699 2373 2423 1
E4700 2374 2375 1
E4701 2374 2424 1
E4702 2375 2376 1
E4703 2375 2425 1
E4704 2376 2377 1
E4705 2376 2426 1
E4706 2377 2378 1
E4707 2377 2427 1
E4708 2378 2379 1
E4709 2378 2428 1
E4710 2379 2380 1
E4711 2379 2429 1
E4712 2380 2381 1
E4713 2380 2430 1
E4714 2381 2382 1
E4715 2381 2431 1
E4716 2382 2383 1
E4717 2382 2432 1
E4718 2383 2384 1
E4719 2383 2433 1
E4720 2384 2385 1
E4721 2384 2434 1
E4722 2385 2386 1
E4723 2385 2435 1
E4724 2386 2387 1
E4725 2386 2436 1
E4726 2387 2388 1
E4727 2387 2437 1
E4728 2388 2389 1
E4729 2388 2438 1
E4730 2389 2390 1
E4731 2389 2439 1
E4732 2390 2391 1
E4733 2390 2440 1
E4734 2391 2392 1
E4735 2391 2441 1
E4736 2392 2393 1
E4737 2392 2442 1
E4738 2393 2394 1
E4739 2393 2443 1
E4740 2394 2395 1
E4741 2394 2444 1
E4742 2395 2396 1
E4743 2395 2445 1
E4744 2396 2397 1
E4745 2396 2446 1
E4746 2397 2398 1
E4747 2397 2447 1
E4748 2398 2399 1
E4749 2398 2448 1
E4750 2399 2400 1
E4751 2399 2449 1
E4752 2400 2450 1
E4753 2401 2402 1
E4754 2401 2451 1
E4755 2402 2403 1
E4756 2402 2452 1
E4757 2403 2404 1
E4758 2403 2453 1
E4759 2404 2405 1
E4760 2404 2454 1
E4761 2405 2406 1
E4762 2405 2455 1
E4763 2406 2407 1
E4764 2406 2456 1
E4765 2407 2408 1
E4766 2407 2457 1
E4767 2408 2409 1
E4768 2408 2458 1
E4769 2409 2410 1
E4770 2409 2459 1
E4771 2410 2411 1
E4772 2410 2460 1
E4773 2411 2412 1
E4774 2411 2461 1
E4775 2412 2413 1
E4776 2412 2462 1
E4777 2413 2414 1
E4778 2413 2463 1
E4779 2414 2415 1
E4780 2414 2464 1
E4781 2415 2416 1
E4782 2415 2465 1
E4783 2416 2417 1
E4784 2416 2466 1
E4785 2417 2418 1
E4786 2417 2467 1
E4787 2418 2419 1
E4788 2418 2468 1
E4789 2419 2420 1
E4790 2419 2469 1
E4791 2420 2421 1
E4792 2420 2470 1
E4793 2421 2422 1
E4794 2421 2471 1
E4795 2422 2423 1
E4796 2422 2472 1
E4797 2423 2424 1
E4798 2423 2473 1
E4799 2424 2425 1
E4800 2424 2474 1
E4801 2425 2426 1
E4802 2425 2475 1
E4803 2426 2427 1
E4804 2426 2476 1
E4805 2427 2428 1
E4806 2427 2477 1
E4807 2428 2429 1
E4808 2428 2478 1
E4809 2429 2430 1
E4810 2429 2479 1
E4811 2430 2431 1
E4812 2430 2480 1
E4813 2431 2432 1
E4814 2431 2481 1
E4815 2432 2433 1
E4816 2432 2482 1
E4817 2433 2434 1
E4818 2433 2483 1
E4819 2434 2435 1
E4820 2434 2484 1
E4821 2435 2436 1
E4822 2435 2485 1
E4823 2436 2437 1
E4824 2436 2486 1
E4825 2437 2438 1
E4826 2437 2487 1
E4827 2438 2439 1
E4828 2438 2488 1
E4829 2439 2440 1
E4830 2439 2489 1
E4831 2440 2441 1
E4832 2440 2490 1
E4833 2441 2442 1
E4834 2441 2491 1
E4835 2442 2443 1
E4836 2442 2492 1
E4837 2443 2444 1
E4838 2443 2493 1
E4839 2444 2445 1
E4840 2444 2494 1
E4841 2445 2446 1
E4842 2445 2495 1
E4843 2446 2447 1
E4844 2446 2496 1
E4845 2447 2448 1
E4846 2447 2497 1
E4847 2448 2449 1
E4848 2448 2498 1
E4849 2449 2450 1
E4850 2449 2499 1
E4851 2450 2500 1
E4852 2451 2452 1
E4853 2452 2453 1
E4854 2453 2454 1
E4855 2454 2455 1
E4856 2455 2456 1
E4857 2456 2457 1
E4858 2457 2458 1
E4859 2458 2459 1
E4860 2459 2460 1
E4861 2460 2461 1
E4862 2461 2462 1
E4863 2462 2463 1
E4864 2463 2464 1
E4865 2464 2465 1
E4866 2465 2466 1
E4867 2466 2467 1
E4868 2467 2468 1
E4869 2468 2469 1
E4870 2469 2470 1
E4871 2470 2471 1
E4872 2471 2472 1
E4873 2472 2473 1
E4874 2473 2474 1
E4875 2474 2475 1
E4876 2475 2476 1
E4877 2476 2477 1
E4878 2477 2478 1
E4879 2478 2479 1
E4880 2479 2480 1
E4881 2480 2481 1
E4882 2481 2482 1
E4883 2482 2483 1
E4884 2483 2484 1
E4885 2484 2485 1
E4886 2485 2486 1
E4887 2486 2487 1
E4888 2487 2488 1
E4889 2488 2489 1
E4890 2489 2490 1
E4891 2490 2491 1
E4892 2491 2492 1
E4893 2492 2493 1
E4894 2493 2494 1
E4895 2494 2495 1
E4896 2495 2496 1
E4897 2496 2497 1
E4898 2497 2498 1
E4899 2498 2499 1
E4900 2499 2500 1
