E1 1 2 1
E2 1 31 1
E3 2 3 1
E4 2 32 1
E5 3 4 1
E6 3 33 1
E7 4 5 1
E8 4 34 1
E9 5 6 1
E10 5 35 1
E11 6 7 1
E12 6 36 1
E13 7 8 1
E14 7 37 1
E15 8 9 1
E16 8 38 1
E17 9 10 1
E18 9 39 1
E19 10 11 1
E20 10 40 1
E21 11 12 1
E22 11 41 1
E23 12 13 1
E24 12 42 1
E25 13 14 1
E26 13 43 1
E27 14 15 1
E28 14 44 1
E29 15 16 1
E30 15 45 1
E31 16 17 1
E32 16 46 1
E33 17 18 1
E34 17 47 1
E35 18 19 1
E36 18 48 1
E37 19 20 1
E38 19 49 1
E39 20 21 1
E40 20 50 1
E41 21 22 1
E42 21 51 1
E43 22 23 1
E44 22 52 1
E45 23 24 1
E46 23 53 1
E47 24 25 1
E48 24 54 1
E49 25 26 1
E50 25 55 1
E51 26 27 1
E52 26 56 1
E53 27 28 1
E54 27 57 1
E55 28 29 1
E56 28 58 1
E57 29 30 1
E58 29 59 1
E59 30 60 1
E60 31 32 1
E61 31 61 1
E62 32 33 1
E63 32 62 1
E64 33 34 1
E65 33 63 1
E66 34 35 1
E67 34 64 1
E68 35 36 1
E69 35 65 1
E70 36 37 1
E71 36 66 1
E72 37 38 1
E73 37 67 1
E74 38 39 1
E75 38 68 1
E76 39 40 1
E77 39 69 1
E78 40 41 1
E79 40 70 1
E80 41 42 1
E81 41 71 1
E82 42 43 1
E83 42 72 1
E84 43 44 1
E85 43 73 1
E86 44 45 1
E87 44 74 1
E88 45 46 1
E89 45 75 1
E90 46 47 1
E91 46 76 1
E92 47 48 1
E93 47 77 1
E94 48 49 1
E95 48 78 1
E96 49 50 1
E97 49 79 1
E98 50 51 1
E99 50 80 1
E100 51 52 1
E101 51 81 1
E102 52 53 1
E103 52 82 1
E104 53 54 1
E105 53 83 1
E106 54 55 1
E107 54 84 1
E108 55 56 1
E109 55 85 1
E110 56 57 1
E111 56 86 1
E112 57 58 1
E113 57 87 1
E114 58 59 1
E115 58 88 1
E116 59 60 1
E117 59 89 1
E118 60 90 1
E119 61 62 1
E120 61 91 1
E121 62 63 1
E122 62 92 1
E123 63 64 1
E124 63 93 1
E125 64 65 1
E126 64 94 1
E127 65 66 1
E128 65 95 1
E129 66 67 1
E130 66 96 1
E131 67 68 1
E132 67 97 1
E133 68 69 1
E134 68 98 1
E135 69 70 1
E136 69 99 1
E137 70 71 1
E138 70 100 1
E139 71 72 1
E140 71 101 1
E141 72 73 1
E142 72 102 1
E143 73 74 1
E144 73 103 1
E145 74 75 1
E146 74 104 1
E147 75 76 1
E148 75 105 1
E149 76 77 1
E150 76 106 1
E151 77 78 1
E152 77 107 1
E153 78 79 1
E154 78 108 1
E155 79 80 1
E156 79 109 1
E157 80 81 1
E158 80 110 1
E159 81 82 1
E160 81 111 1
E161 82 83 1
E162 82 112 1
E163 83 84 1
E164 83 113 1
E165 84 85 1
E166 84 114 1
E167 85 86 1
E168 85 115 1
E169 86 87 1
E170 86 116 1
E171 87 88 1
E172 87 117 1
E173 88 89 1
E174 88 118 1
E175 89 90 1
E176 89 119 1
E177 90 120 1
E178 91 92 1
E179 91 121 1
E180 92 93 1
E181 92 122 1
E182 93 94 1
E183 93 123 1
E184 94 95 1
E185 94 124 1
E186 95 96 1
E187 95 125 1
E188 96 97 1
E189 96 126 1
E190 97 98 1
E191 97 127 1
E192 98 99 1
E193 98 128 1
E194 99 100 1
E195 99 129 1
E196 100 101 1
E197 100 130 1
E198 101 102 1
E199 101 131 1
E200 102 103 1
E201 102 132 1
E202 103 104 1
E203 103 133 1
E204 104 105 1
E205 104 134 1
E206 105 106 1
E207 105 135 1
E208 106 107 1
E209 106 136 1
E210 107 108 1
E211 107 137 1
E212 108 109 1
E213 108 138 1
E214 109 110 1
E215 109 139 1
E216 110 111 1
E217 110 140 1
E218 111 112 1
E219 111 141 1
E220 112 113 1
E221 112 142 1
E222 113 114 1
E223 113 143 1
E224 114 115 1
E225 114 144 1
E226 115 116 1
E227 115 145 1
E228 116 117 1
E229 116 146 1
E230 117 118 1
E231 117 147 1
E232 118 119 1
E233 118 148 1
E234 119 120 1
E235 119 149 1
E236 120 150 1
E237 121 122 1
E238 121 151 1
E239 122 123 1
E240 122 152 1
E241 123 124 1
E242 123 153 1
E243 124 125 1
E244 124 154 1
E245 125 126 1
E246 125 155 1
E247 126 127 1
E248 126 156 1
E249 127 128 1
E250 127 157 1
E251 128 129 1
E252 128 158 1
E253 129 130 1
E254 129 159 1
E255 130 131 1
E256 130 160 1
E257 131 132 1
E258 131 161 1
E259 132 133 1
E260 132 162 1
E261 133 134 1
E262 133 163 1
E263 134 135 1
E264 134 164 1
E265 135 136 1
E266 135 165 1
E267 136 137 1
E268 136 166 1
E269 137 138 1
E270 137 167 1
E271 138 139 1
E272 138 168 1
E273 139 140 1
E274 139 169 1
E275 140 141 1
E276 140 170 1
E277 141 142 1
E278 141 171 1
E279 142 143 1
E280 142 172 1
E281 143 144 1
E282 143 173 1
E283 144 145 1
E284 144 174 1
E285 145 146 1
E286 145 175 1
E287 146 147 1
E288 146 176 1
E289 147 148 1
E290 147 177 1
E291 148 149 1
E292 148 178 1
E293 149 150 1
E294 149 179 1
E295 150 180 1
E296 151 152 1
E297 151 181 1
E298 152 153 1
E299 152 182 1
E300 153 154 1
E301 153 183 1
E302 154 155 1
E303 154 184 1
E304 155 156 1
E305 155 185 1
E306 156 157 1
E307 156 186 1
E308 157 158 1
E309 157 187 1
E310 158 159 1
E311 158 188 1
E312 159 160 1
E313 159 189 1
E314 160 161 1
E315 160 190 1
E316 161 162 1
E317 161 191 1
E318 162 163 1
E319 162 192 1
E320 163 164 1
E321 163 193 1
E322 164 165 1
E323 164 194 1
E324 165 166 1
E325 165 195 1
E326 166 167 1
E327 166 196 1
E328 167 168 1
E329 167 197 1
E330 168 169 1
E331 168 198 1
E332 169 170 1
E333 169 199 1
E334 170 171 1
E335 170 200 1
E336 171 172 1
E337 171 201 1
E338 172 173 1
E339 172 202 1
E340 173 174 1
E341 173 203 1
E342 174 175 1
E343 174 204 1
E344 175 176 1
E345 175 205 1
E346 176 177 1
E347 176 206 1
E348 177 178 1
E349 177 207 1
E350 178 179 1
E351 178 208 1
E352 179 180 1
E353 179 209 1
E354 180 210 1
E355 181 182 1
E356 181 211 1
E357 182 183 1
E358 182 212 1
E359 183 184 1
E360 183 213 1
E361 184 185 1
E362 184 214 1
E363 185 186 1
E364 185 215 1
E365 186 187 1
E366 186 216 1
E367 187 188 1
E368 187 217 1
E369 188 189 1
E370 188 218 1
E371 189 190 1
E372 189 219 1
E373 190 191 1
E374 190 220 1
E375 191 192 1
E376 191 221 1
E377 192 193 1
E378 192 222 1
E379 193 194 1
E380 193 223 1
E381 194 195 1
E382 194 224 1
E383 195 196 1
E384 195 225 1
E385 196 197 1
E386 196 226 1
E387 197 198 1
E388 197 227 1
E389 198 199 1
E390 198 228 1
E391 199 200 1
E392 199 229 1
E393 200 201 1
E394 200 230 1
E395 201 202 1
E396 201 231 1
E397 202 203 1
E398 202 232 1
E399 203 204 1
E400 203 233 1
E401 204 205 1
E402 204 234 1
E403 205 206 1
E404 205 235 1
E405 206 207 1
E406 206 236 1
E407 207 208 1
E408 207 237 1
E409 208 209 1
E410 208 238 1
E411 209 210 1
E412 209 239 1
E413 210 240 1
E414 211 212 1
E415 211 241 1
E416 212 213 1
E417 212 242 1
E418 213 214 1
E419 213 243 1
E420 214 215 1
E421 214 244 1
E422 215 216 1
E423 215 245 1
E424 216 217 1
E425 216 246 1
E426 217 218 1
E427 217 247 1
E428 218 219 1
E429 218 248 1
E430 219 220 1
E431 219 249 1
E432 220 221 1
E433 220 250 1
E434 221 222 1
E435 221 251 1
E436 222 223 1
E437 222 252 1
E438 223 224 1
E439 223 253 1
E440 224 225 1
E441 224 254 1
E442 225 226 1
E443 225 255 1
E444 226 227 1
E445 226 256 1
E446 227 228 1
E447 227 257 1
E448 228 229 1
E449 228 258 1
E450 229 230 1
E451 229 259 1
E452 230 231 1
E453 230 260 1
E454 231 232 1
E455 231 261 1
E456 232 233 1
E457 232 262 1
E458 233 234 1
E459 233 263 1
E460 234 235 1
E461 234 264 1
E462 235 236 1
E463 235 265 1
E464 236 237 1
E465 236 266 1
E466 237 238 1
E467 237 267 1
E468 238 239 1
E469 238 268 1
E470 239 240 1
E471 239 269 1
E472 240 270 1
E473 241 242 1
E474 241 271 1
E475 242 243 1
E476 242 272 1
E477 243 244 1
E478 243 273 1
E479 244 245 1
E480 244 274 1
E481 245 246 1
E482 245 275 1
E483 246 247 1
E484 246 276 1
E485 247 248 1
E486 247 277 1
E487 248 249 1
E488 248 278 1
E489 249 250 1
E490 249 279 1
E491 250 251 1
E492 250 280 1
E493 251 252 1
E494 251 281 1
E495 252 253 1
E496 252 282 1
E497 253 254 1
E498 253 283 1
E499 254 255 1
E500 254 284 1
E501 255 256 1
E502 255 285 1
E503 256 257 1
E504 256 286 1
E505 257 258 1
E506 257 287 1
E507 258 259 1
E508 258 288 1
E509 259 260 1
E510 259 289 1
E511 260 261 1
E512 260 290 1
E513 261 262 1
E514 261 291 1
E515 262 263 1
E516 262 292 1
E517 263 264 1
E518 263 293 1
E519 264 265 1
E520 264 294 1
E521 265 266 1
E522 265 295 1
E523 266 267 1
E524 266 296 1
E525 267 268 1
E526 267 297 1
E527 268 269 1
E528 268 298 1
E529 269 270 1
E530 269 299 1
E531 270 300 1
E532 271 272 1
E533 271 301 1
E534 272 273 1
E535 272 302 1
E536 273 274 1
E537 273 303 1
E538 274 275 1
E539 274 304 1
E540 275 276 1
E541 275 305 1
E542 276 277 1
E543 276 306 1
E544 277 278 1
E545 277 307 1
E546 278 279 1
E547 278 308 1
E548 279 280 1
E549 279 309 1
E550 280 281 1
E551 280 310 1
E552 281 282 1
E553 281 311 1
E554 282 283 1
E555 282 312 1
E556 283 284 1
E557 283 313 1
E558 284 285 1
E559 284 314 1
E560 285 286 1
E561 285 315 1
E562 286 287 1
E563 286 316 1
E564 287 288 1
E565 287 317 1
E566 288 289 1
E567 288 318 1
E568 289 290 1
E569 289 319 1
E570 290 291 1
E571 290 320 1
E572 291 292 1
E573 291 321 1
E574 292 293 1
E575 292 322 1
E576 293 294 1
E577 293 323 1
E578 294 295 1
E579 294 324 1
E580 295 296 1
E581 295 325 1
E582 296 297 1
E583 296 326 1
E584 297 298 1
E585 297 327 1
E586 298 299 1
E587 298 328 1
E588 299 300 1
E589 299 329 1
E590 300 330 1
E591 301 302 1
E592 301 331 1
E593 302 303 1
E594 302 332 1
E595 303 304 1
E596 303 333 1
E597 304 305 1
E598 304 334 1
E599 305 306 1
E600 305 335 1
E601 306 307 1
E602 306 336 1
E603 307 308 1
E604 307 337 1
E605 308 309 1
E606 308 338 1
E607 309 310 1
E608 309 339 1
E609 310 311 1
E610 310 340 1
E611 311 312 1
E612 311 341 1
E613 312 313 1
E614 312 342 1
E615 313 314 1
E616 313 343 1
E617 314 315 1
E618 314 344 1
E619 315 316 1
E620 315 345 1
E621 316 317 1
E622 316 346 1
E623 317 318 1
E624 317 347 1
E625 318 319 1
E626 318 348 1
E627 319 320 1
E628 319 349 1
E629 320 321 1
E630 320 350 1
E631 321 322 1
E632 321 351 1
E633 322 323 1
E634 322 352 1
E635 323 324 1
E636 323 353 1
E637 324 325 1
E638 324 354 1
E639 325 326 1
E640 325 355 1
E641 326 327 1
E642 326 356 1
E643 327 328 1
E644 327 357 1
E645 328 329 1
E646 328 358 1
E647 329 330 1
E648 329 359 1
E649 330 360 1
E650 331 332 1
E651 331 361 1
E652 332 333 1
E653 332 362 1
E654 333 334 1
E655 333 363 1
E656 334 335 1
E657 334 364 1
E658 335 336 1
E659 335 365 1
E660 336 337 1
E661 336 366 1
E662 337 338 1
E663 337 367 1
E664 338 339 1
E665 338 368 1
E666 339 340 1
E667 339 369 1
E668 340 341 1
E669 340 370 1
E670 341 342 1
E671 341 371 1
E672 342 343 1
E673 342 372 1
E674 343 344 1
E675 343 373 1
E676 344 345 1
E677 344 374 1
E678 345 346 1
E679 345 375 1
E680 346 347 1
E681 346 376 1
E682 347 348 1
E683 347 377 1
E684 348 349 1
E685 348 378 1
E686 349 350 1
E687 349 379 1
E688 350 351 1
E689 350 380 1
E690 351 352 1
E691 351 381 1
E692 352 353 1
E693 352 382 1
E694 353 354 1
E695 353 383 1
E696 354 355 1
E697 354 384 1
E698 355 356 1
E699 355 385 1
E700 356 357 1
E701 356 386 1
E702 357 358 1
E703 357 387 1
E704 358 359 1
E705 358 388 1
E706 359 360 1
E707 359 389 1
E708 360 390 1
E709 361 362 1
E710 361 391 1
E711 362 363 1
E712 362 392 1
E713 363 364 1
E714 363 393 1
E715 364 365 1
E716 364 394 1
E717 365 366 1
E718 365 395 1
E719 366 367 1
E720 366 396 1
E721 367 368 1
E722 367 397 1
E723 368 369 1
E724 368 398 1
E725 369 370 1
E726 369 399 1
E727 370 371 1
E728 370 400 1
E729 371 372 1
E730 371 401 1
E731 372 373 1
E732 372 402 1
E733 373 374 1
E734 373 403 1
E735 374 375 1
E736 374 404 1
E737 375 376 1
E738 375 405 1
E739 376 377 1
E740 376 406 1
E741 377 378 1
E742 377 407 1
E743 378 379 1
E744 378 408 1
E745 379 380 1
E746 379 409 1
E747 380 381 1
E748 380 410 1
E749 381 382 1
E750 381 411 1
E751 382 383 1
E752 382 412 1
E753 383 384 1
E754 383 413 1
E755 384 385 1
E756 384 414 1
E757 385 386 1
E758 385 415 1
E759 386 387 1
E760 386 416 1
E761 387 388 1
E762 387 417 1
E763 388 389 1
E764 388 418 1
E765 389 390 1
E766 389 419 1
E767 390 420 1
E768 391 392 1
E769 391 421 1
E770 392 393 1
E771 392 422 1
E772 393 394 1
E773 393 423 1
E774 394 395 1
E775 394 424 1
E776 395 396 1
E777 395 425 1
E778 396 397 1
E779 396 426 1
E780 397 398 1
E781 397 427 1
E782 398 399 1
E783 398 428 1
E784 399 400 1
E785 399 429 1
E786 400 401 1
E787 400 430 1
E788 401 402 1
E789 401 431 1
E790 402 403 1
E791 402 432 1
E792 403 404 1
E793 403 433 1
E794 404 405 1
E795 404 434 1
E796 405 406 1
E797 405 435 1
E798 406 407 1
E799 406 436 1
E800 407 408 1
E801 407 437 1
E802 408 409 1
E803 408 438 1
E804 409 410 1
E805 409 439 1
E806 410 411 1
E807 410 440 1
E808 411 412 1
E809 411 441 1
E810 412 413 1
E811 412 442 1
E812 413 414 1
E813 413 443 1
E814 414 415 1
E815 414 444 1
E816 415 416 1
E817 415 445 1
E818 416 417 1
E819 416 446 1
E820 417 418 1
E821 417 447 1
E822 418 419 1
E823 418 448 1
E824 419 420 1
E825 419 449 1
E826 420 450 1
E827 421 422 1
E828 421 451 1
E829 422 423 1
E830 422 452 1
E831 423 424 1
E832 423 453 1
E833 424 425 1
E834 424 454 1
E835 425 426 1
E836 425 455 1
E837 426 427 1
E838 426 456 1
E839 427 428 1
E840 427 457 1
E841 428 429 1
E842 428 458 1
E843 429 430 1
E844 429 459 1
E845 430 431 1
E846 430 460 1
E847 431 432 1
E848 431 461 1
E849 432 433 1
E850 432 462 1
E851 433 434 1
E852 433 463 1
E853 434 435 1
E854 434 464 1
E855 435 436 1
E856 435 465 1
E857 436 437 1
E858 436 466 1
E859 437 438 1
E860 437 467 1
E861 438 439 1
E862 438 468 1
E863 439 440 1
E864 439 469 1
E865 440 441 1
E866 440 470 1
E867 441 442 1
E868 441 471 1
E869 442 443 1
E870 442 472 1
E871 443 444 1
E872 443 473 1
E873 444 445 1
E874 444 474 1
E875 445 446 1
E876 445 475 1
E877 446 447 1
E878 446 476 1
E879 447 448 1
E880 447 477 1
E881 448 449 1
E882 448 478 1
E883 449 450 1
E884 449 479 1
E885 450 480 1
E886 451 452 1
E887 451 481 1
E888 452 453 1
E889 452 482 1
E890 453 454 1
E891 453 483 1
E892 454 455 1
E893 454 484 1
E894 455 456 1
E895 455 485 1
E896 456 457 1
E897 456 486 1
E898 457 458 1
E899 457 487 1
E900 458 459 1
E901 458 488 1
E902 459 460 1
E903 459 489 1
E904 460 461 1
E905 460 490 1
E906 461 462 1
E907 461 491 1
E908 462 463 1
E909 462 492 1
E910 463 464 1
E911 463 493 1
E912 464 465 1
E913 464 494 1
E914 465 466 1
E915 465 495 1
E916 466 467 1
E917 466 496 1
E918 467 468 1
E919 467 497 1
E920 468 469 1
E921 468 498 1
E922 469 470 1
E923 469 499 1
E924 470 471 1
E925 470 500 1
E926 471 472 1
E927 471 501 1
E928 472 473 1
E929 472 502 1
E930 473 474 1
E931 473 503 1
E932 474 475 1
E933 474 504 1
E934 475 476 1
E935 475 505 1
E936 476 477 1
E937 476 506 1
E938 477 478 1
E939 477 507 1
E940 478 479 1
E941 478 508 1
E942 479 480 1
E943 479 509 1
E944 480 510 1
E945 481 482 1
E946 481 511 1
E947 482 483 1
E948 482 512 1
E949 483 484 1
E950 483 513 1
E951 484 485 1
E952 484 514 1
E953 485 486 1
E954 485 515 1
E955 486 487 1
E956 486 516 1
E957 487 488 1
E958 487 517 1
E959 488 489 1
E960 488 518 1
E961 489 490 1
E962 489 519 1
E963 490 491 1
E964 490 520 1
E965 491 492 1
E966 491 521 1
E967 492 493 1
E968 492 522 1
E969 493 494 1
E970 493 523 1
E971 494 495 1
E972 494 524 1
E973 495 496 1
E974 495 525 1
E975 496 497 1
E976 496 526 1
E977 497 498 1
E978 497 527 1
E979 498 499 1
E980 498 528 1
E981 499 500 1
E982 499 529 1
E983 500 501 1
E984 500 530 1
E985 501 502 1
E986 501 531 1
E987 502 503 1
E988 502 532 1
E989 503 504 1
E990 503 533 1
E991 504 505 1
E992 504 534 1
E993 505 506 1
E994 505 535 1
E995 506 507 1
E996 506 536 1
E997 507 508 1
E998 507 537 1
E999 508 509 1
E1000 508 538 1
E1001 509 510 1
E1002 509 539 1
E1003 510 540 1
E1004 511 512 1
E1005 511 541 1
E1006 512 513 1
E1007 512 542 1
E1008 513 514 1
E1009 513 543 1
E1010 514 515 1
E1011 514 544 1
E1012 515 516 1
E1013 515 545 1
E1014 516 517 1
E1015 516 546 1
E1016 517 518 1
E1017 517 547 1
E1018 518 519 1
E1019 518 548 1
E1020 519 520 1
E1021 519 549 1
E1022 520 521 1
E1023 520 550 1
E1024 521 522 1
E1025 521 551 1
E1026 522 523 1
E1027 522 552 1
E1028 523 524 1
E1029 523 553 1
E1030 524 525 1
E1031 524 554 1
E1032 525 526 1
E1033 525 555 1
E1034 526 527 1
E1035 526 556 1
E1036 527 528 1
E1037 527 557 1
E1038 528 529 1
E1039 528 558 1
E1040 529 530 1
E1041 529 559 1
E1042 530 531 1
E1043 530 560 1
E1044 531 532 1
E1045 531 561 1
E1046 532 533 1
E1047 532 562 1
E1048 533 534 1
E1049 533 563 1
E1050 534 535 1
E1051 534 564 1
E1052 535 536 1
E1053 535 565 1
E1054 536 537 1
E1055 536 566 1
E1056 537 538 1
E1057 537 567 1
E1058 538 539 1
E1059 538 568 1
E1060 539 540 1
E1061 539 569 1
E1062 540 570 1
E1063 541 542 1
E1064 541 571 1
E1065 542 543 1
E1066 542 572 1
E1067 543 544 1
E1068 543 573 1
E1069 544 545 1
E1070 544 574 1
E1071 545 546 1
E1072 545 575 1
E1073 546 547 1
E1074 546 576 1
E1075 547 548 1
E1076 547 577 1
E1077 548 549 1
E1078 548 578 1
E1079 549 550 1
E1080 549 579 1
E1081 550 551 1
E1082 550 580 1
E1083 551 552 1
E1084 551 581 1
E1085 552 553 1
E1086 552 582 1
E1087 553 554 1
E1088 553 583 1
E1089 554 555 1
E1090 554 584 1
E1091 555 556 1
E1092 555 585 1
E1093 556 557 1
E1094 556 586 1
E1095 557 558 1
E1096 557 587 1
E1097 558 559 1
E1098 558 588 1
E1099 559 560 1
E1100 559 589 1
E1101 560 561 1
E1102 560 590 1
E1103 561 562 1
E1104 561 591 1
E1105 562 563 1
E1106 562 592 1
E1107 563 564 1
E1108 563 593 1
E1109 564 565 1
E1110 564 594 1
E1111 565 566 1
E1112 565 595 1
E1113 566 567 1
E1114 566 596 1
E1115 567 568 1
E1116 567 597 1
E1117 568 569 1
E1118 568 598 1
E1119 569 570 1
E1120 569 599 1
E1121 570 600 1
E1122 571 572 1
E1123 571 601 1
E1124 572 573 1
E1125 572 602 1
E1126 573 574 1
E1127 573 603 1
E1128 574 575 1
E1129 574 604 1
E1130 575 576 1
E1131 575 605 1
E1132 576 577 1
E1133 576 606 1
E1134 577 578 1
E1135 577 607 1
E1136 578 579 1
E1137 578 608 1
E1138 579 580 1
E1139 579 609 1
E1140 580 581 1
E1141 580 610 1
E1142 581 582 1
E1143 581 611 1
E1144 582 583 1
E1145 582 612 1
E1146 583 584 1
E1147 583 613 1
E1148 584 585 1
E1149 584 614 1
E1150 585 586 1
E1151 585 615 1
E1152 586 587 1
E1153 586 616 1
E1154 587 588 1
E1155 587 617 1
E1156 588 589 1
E1157 588 618 1
E1158 589 590 1
E1159 589 619 1
E1160 590 591 1
E1161 590 620 1
E1162 591 592 1
E1163 591 621 1
E1164 592 593 1
E1165 592 622 1
E1166 593 594 1
E1167 593 623 1
E1168 594 595 1
E1169 594 624 1
E1170 595 596 1
E1171 595 625 1
E1172 596 597 1
E1173 596 626 1
E1174 597 598 1
E1175 597 627 1
E1176 598 599 1
E1177 598 628 1
E1178 599 600 1
E1179 599 629 1
E1180 600 630 1
E1181 601 602 1
E1182 601 631 1
E1183 602 603 1
E1184 602 632 1
E1185 603 604 1
E1186 603 633 1
E1187 604 605 1
E1188 604 634 1
E1189 605 606 1
E1190 605 635 1
E1191 606 607 1
E1192 606 636 1
E1193 607 608 1
E1194 607 637 1
E1195 608 609 1
E1196 608 638 1
E1197 609 610 1
E1198 609 639 1
E1199 610 611 1
E1200 610 640 1
E1201 611 612 1
E1202 611 641 1
E1203 612 613 1
E1204 612 642 1
E1205 613 614 1
E1206 613 643 1
E1207 614 615 1
E1208 614 644 1
E1209 615 616 1
E1210 615 645 1
E1211 616 617 1
E1212 616 646 1
E1213 617 618 1
E1214 617 647 1
E1215 618 619 1
E1216 618 648 1
E1217 619 620 1
E1218 619 649 1
E1219 620 621 1
E1220 620 650 1
E1221 621 622 1
E1222 621 651 1
E1223 622 623 1
E1224 622 652 1
E1225 623 624 1
E1226 623 653 1
E1227 624 625 1
E1228 624 654 1
E1229 625 626 1
E1230 625 655 1
E1231 626 627 1
E1232 626 656 1
E1233 627 628 1
E1234 627 657 1
E1235 628 629 1
E1236 628 658 1
E1237 629 630 1
E1238 629 659 1
E1239 630 660 1
E1240 631 632 1
E1241 631 661 1
E1242 632 633 1
E1243 632 662 1
E1244 633 634 1
E1245 633 663 1
E1246 634 635 1
E1247 634 664 1
E1248 635 636 1
E1249 635 665 1
E1250 636 637 1
E1251 636 666 1
E1252 637 638 1
E1253 637 667 1
E1254 638 639 1
E1255 638 668 1
E1256 639 640 1
E1257 639 669 1
E1258 640 641 1
E1259 640 670 1
E1260 641 642 1
E1261 641 671 1
E1262 642 643 1
E1263 642 672 1
E1264 643 644 1
E1265 643 673 1
E1266 644 645 1
E1267 644 674 1
E1268 645 646 1
E1269 645 675 1
E1270 646 647 1
E1271 646 676 1
E1272 647 648 1
E1273 647 677 1
E1274 648 649 1
E1275 648 678 1
E1276 649 650 1
E1277 649 679 1
E1278 650 651 1
E1279 650 680 1
E1280 651 652 1
E1281 651 681 1
E1282 652 653 1
E1283 652 682 1
E1284 653 654 1
E1285 653 683 1
E1286 654 655 1
E1287 654 684 1
E1288 655 656 1
E1289 655 685 1
E1290 656 657 1
E1291 656 686 1
E1292 657 658 1
E1293 657 687 1
E1294 658 659 1
E1295 658 688 1
E1296 659 660 1
E1297 659 689 1
E1298 660 690 1
E1299 661 662 1
E1300 661 691 1
E1301 662 663 1
E1302 662 692 1
E1303 663 664 1
E1304 663 693 1
E1305 664 665 1
E1306 664 694 1
E1307 665 666 1
E1308 665 695 1
E1309 666 667 1
E1310 666 696 1
E1311 667 668 1
E1312 667 697 1
E1313 668 669 1
E1314 668 698 1
E1315 669 670 1
E1316 669 699 1
E1317 670 671 1
E1318 670 700 1
E1319 671 672 1
E1320 671 701 1
E1321 672 673 1
E1322 672 702 1
E1323 673 674 1
E1324 673 703 1
E1325 674 675 1
E1326 674 704 1
E1327 675 676 1
E1328 675 705 1
E1329 676 677 1
E1330 676 706 1
E1331 677 678 1
E1332 677 707 1
E1333 678 679 1
E1334 678 708 1
E1335 679 680 1
E1336 679 709 1
E1337 680 681 1
E1338 680 710 1
E1339 681 682 1
E1340 681 711 1
E1341 682 683 1
E1342 682 712 1
E1343 683 684 1
E1344 683 713 1
E1345 684 685 1
E1346 684 714 1
E1347 685 686 1
E1348 685 715 1
E1349 686 687 1
E1350 686 716 1
E1351 687 688 1
E1352 687 717 1
E1353 688 689 1
E1354 688 718 1
E1355 689 690 1
E1356 689 719 1
E1357 690 720 1
E1358 691 692 1
E1359 691 721 1
E1360 692 693 1
E1361 692 722 1
E1362 693 694 1
E1363 693 723 1
E1364 694 695 1
E1365 694 724 1
E1366 695 696 1
E1367 695 725 1
E1368 696 697 1
E1369 696 726 1
E1370 697 698 1
E1371 697 727 1
E1372 698 699 1
E1373 698 728 1
E1374 699 700 1
E1375 699 729 1
E1376 700 701 1
E1377 700 730 1
E1378 701 702 1
E1379 701 731 1
E1380 702 703 1
E1381 702 732 1
E1382 703 704 1
E1383 703 733 1
E1384 704 705 1
E1385 704 734 1
E1386 705 706 1
E1387 705 735 1
E1388 706 707 1
E1389 706 736 1
E1390 707 708 1
E1391 707 737 1
E1392 708 709 1
E1393 708 738 1
E1394 709 710 1
E1395 709 739 1
E1396 710 711 1
E1397 710 740 1
E1398 711 712 1
E1399 711 741 1
E1400 712 713 1
E1401 712 742 1
E1402 713 714 1
E1403 713 743 1
E1404 714 715 1
E1405 714 744 1
E1406 715 716 1
E1407 715 745 1
E1408 716 717 1
E1409 716 746 1
E1410 717 718 1
E1411 717 747 1
E1412 718 719 1
E1413 718 748 1
E1414 719 720 1
E1415 719 749 1
E1416 720 750 1
E1417 721 722 1
E1418 721 751 1
E1419 722 723 1
E1420 722 752 1
E1421 723 724 1
E1422 723 753 1
E1423 724 725 1
E1424 724 754 1
E1425 725 726 1
E1426 725 755 1
E1427 726 727 1
E1428 726 756 1
E1429 727 728 1
E1430 727 757 1
E1431 728 729 1
E1432 728 758 1
E1433 729 730 1
E1434 729 759 1
E1435 730 731 1
E1436 730 760 1
E1437 731 732 1
E1438 731 761 1
E1439 732 733 1
E1440 732 762 1
E1441 733 734 1
E1442 733 763 1
E1443 734 735 1
E1444 734 764 1
E1445 735 736 1
E1446 735 765 1
E1447 736 737 1
E1448 736 766 1
E1449 737 738 1
E1450 737 767 1
E1451 738 739 1
E1452 738 768 1
E1453 739 740 1
E1454 739 769 1
E1455 740 741 1
E1456 740 770 1
E1457 741 742 1
E1458 741 771 1
E1459 742 743 1
E1460 742 772 1
E1461 743 744 1
E1462 743 773 1
E1463 744 745 1
E1464 744 774 1
E1465 745 746 1
E1466 745 775 1
E1467 746 747 1
E1468 746 776 1
E1469 747 748 1
E1470 747 777 1
E1471 748 749 1
E1472 748 778 1
E1473 749 750 1
E1474 749 779 1
E1475 750 780 1
E1476 751 752 1
E1477 751 781 1
E1478 752 753 1
E1479 752 782 1
E1480 753 754 1
E1481 753 783 1
E1482 754 755 1
E1483 754 784 1
E1484 755 756 1
E1485 755 785 1
E1486 756 757 1
E1487 756 786 1
E1488 757 758 1
E1489 757 787 1
E1490 758 759 1
E1491 758 788 1
E1492 759 760 1
E1493 759 789 1
E1494 760 761 1
E1495 760 790 1
E1496 761 762 1
E1497 761 791 1
E1498 762 763 1
E1499 762 792 1
E1500 763 764 1
E1501 763 793 1
E1502 764 765 1
E1503 764 794 1
E1504 765 766 1
E1505 765 795 1
E1506 766 767 1
E1507 766 796 1
E1508 767 768 1
E1509 767 797 1
E1510 768 769 1
E1511 768 798 1
E1512 769 770 1
E1513 769 799 1
E1514 770 771 1
E1515 770 800 1
E1516 771 772 1
E1517 771 801 1
E1518 772 773 1
E1519 772 802 1
E1520 773 774 1
E1521 773 803 1
E1522 774 775 1
E1523 774 804 1
E1524 775 776 1
E1525 775 805 1
E1526 776 777 1
E1527 776 806 1
E1528 777 778 1
E1529 777 807 1
E1530 778 779 1
E1531 778 808 1
E1532 779 780 1
E1533 779 809 1
E1534 780 810 1
E1535 781 782 1
E1536 781 811 1
E1537 782 783 1
E1538 782 812 1
E1539 783 784 1
E1540 783 813 1
E1541 784 785 1
E1542 784 814 1
E1543 785 786 1
E1544 785 815 1
E1545 786 787 1
E1546 786 816 1
E1547 787 788 1
E1548 787 817 1
E1549 788 789 1
E1550 788 818 1
E1551 789 790 1
E1552 789 819 1
E1553 790 791 1
E1554 790 820 1
E1555 791 792 1
E1556 791 821 1
E1557 792 793 1
E1558 792 822 1
E1559 793 794 1
E1560 793 823 1
E1561 794 795 1
E1562 794 824 1
E1563 795 796 1
E1564 795 825 1
E1565 796 797 1
E1566 796 826 1
E1567 797 798 1
E1568 797 827 1
E1569 798 799 1
E1570 798 828 1
E1571 799 800 1
E1572 799 829 1
E1573 800 801 1
E1574 800 830 1
E1575 801 802 1
E1576 801 831 1
E1577 802 803 1
E1578 802 832 1
E1579 803 804 1
E1580 803 833 1
E1581 804 805 1
E1582 804 834 1
E1583 805 806 1
E1584 805 835 1
E1585 806 807 1
E1586 806 836 1
E1587 807 808 1
E1588 807 837 1
E1589 808 809 1
E1590 808 838 1
E1591 809 810 1
E1592 809 839 1
E1593 810 840 1
E1594 811 812 1
E1595 811 841 1
E1596 812 813 1
E1597 812 842 1
E1598 813 814 1
E1599 813 843 1
E1600 814 815 1
E1601 814 844 1
E1602 815 816 1
E1603 815 845 1
E1604 816 817 1
E1605 816 846 1
E1606 817 818 1
E1607 817 847 1
E1608 818 819 1
E1609 818 848 1
E1610 819 820 1
E1611 819 849 1
E1612 820 821 1
E1613 820 850 1
E1614 821 822 1
E1615 821 851 1
E1616 822 823 1
E1617 822 852 1
E1618 823 824 1
E1619 823 853 1
E1620 824 825 1
E1621 824 854 1
E1622 825 826 1
E1623 825 855 1
E1624 826 827 1
E1625 826 856 1
E1626 827 828 1
E1627 827 857 1
E1628 828 829 1
E1629 828 858 1
E1630 829 830 1
E1631 829 859 1
E1632 830 831 1
E1633 830 860 1
E1634 831 832 1
E1635 831 861 1
E1636 832 833 1
E1637 832 862 1
E1638 833 834 1
E1639 833 863 1
E1640 834 835 1
E1641 834 864 1
E1642 835 836 1
E1643 835 865 1
E1644 836 837 1
E1645 836 866 1
E1646 837 838 1
E1647 837 867 1
E1648 838 839 1
E1649 838 868 1
E1650 839 840 1
E1651 839 869 1
E1652 840 870 1
E1653 841 842 1
E1654 841 871 1
E1655 842 843 1
E1656 842 872 1
E1657 843 844 1
E1658 843 873 1
E1659 844 845 1
E1660 844 874 1
E1661 845 846 1
E1662 845 875 1
E1663 846 847 1
E1664 846 876 1
E1665 847 848 1
E1666 847 877 1
E1667 848 849 1
E1668 848 878 1
E1669 849 850 1
E1670 849 879 1
E1671 850 851 1
E1672 850 880 1
E1673 851 852 1
E1674 851 881 1
E1675 852 853 1
E1676 852 882 1
E1677 853 854 1
E1678 853 883 1
E1679 854 855 1
E1680 854 884 1
E1681 855 856 1
E1682 855 885 1
E1683 856 857 1
E1684 856 886 1
E1685 857 858 1
E1686 857 887 1
E1687 858 859 1
E1688 858 888 1
E1689 859 860 1
E1690 859 889 1
E1691 860 861 1
E1692 860 890 1
E1693 861 862 1
E1694 861 891 1
E1695 862 863 1
E1696 862 892 1
E1697 863 864 1
E1698 863 893 1
E1699 864 865 1
E1700 864 894 1
E1701 865 866 1
E1702 865 895 1
E1703 866 867 1
E1704 866 896 1
E1705 867 868 1
E1706 867 897 1
E1707 868 869 1
E1708 868 898 1
E1709 869 870 1
E1710 869 899 1
E1711 870 900 1
E1712 871 872 1
E1713 872 873 1
E1714 873 874 1
E1715 874 875 1
E1716 875 876 1
E1717 876 877 1
E1718 877 878 1
E1719 878 879 1
E1720 879 880 1
E1721 880 881 1
E1722 881 882 1
E1723 882 883 1
E1724 883 884 1
E1725 884 885 1
E1726 885 886 1
E1727 886 887 1
E1728 887 888 1
E1729 888 889 1
E1730 889 890 1
E1731 890 891 1
E1732 891 892 1
E1733 892 893 1
E1734 893 894 1
E1735 894 895 1
E1736 895 896 1
E1737 896 897 1
E1738 897 898 1
E1739 898 899 1
E1740 899 900 1
